Nodes,MaxSum,MaxMin,Cost,Capacity,Time,Constraint values
12 - 28 - 29 - 32 - 34 - 37 - 40 - 44 - 47 - 70 - 72 - 76 - 80 - 81 - 91 - 92 - 94 - 95 - 99 - 107 - 110 - 113 - 118 - 123 - 127 - 150 - 153 - 161 - 179 - 180 - 190 - 192 - 202 - 212 - 221 - 222 - 223 - 230 - 233 - 239 - 240 - 243 - 246 - 247 - 252 - 263 - 267 - 273 - 276 - 281 - 283 - 285 - 287 - 290 - 303 - 304 - 306 - 307 - 308 - 311 - 312 - 319 - 322 - 323 - 325 - 327 - 331 - 336 - 348 - 349 - 353 - 354 - 358 - 361 - 368 - 370 - 375 - 388 - 390 - 398 - 403 - 411 - 416 - 420 - 426 - 427 - 435 - 437 - 446 - 449 - 465 - 466 - 468 - 476 - 478 - 479 - 483,2445924.5,29.2,59666,52492,4.3,Cost: 59666 & Capacity: 52492
0 - 4 - 10 - 13 - 16 - 17 - 20 - 21 - 36 - 38 - 42 - 44 - 45 - 50 - 51 - 53 - 54 - 56 - 61 - 62 - 63 - 64 - 65 - 67 - 68 - 69 - 72 - 75 - 78 - 80 - 84 - 86 - 87 - 90 - 91 - 94 - 95 - 96 - 97 - 98 - 99 - 100 - 103 - 105 - 107 - 108 - 109 - 110 - 111 - 114 - 115 - 116 - 118 - 123 - 124 - 125 - 128 - 131 - 132 - 135 - 137 - 142 - 144 - 145 - 146 - 147 - 148 - 150 - 151 - 152 - 154 - 155 - 158 - 159 - 160 - 163 - 164 - 166 - 167 - 174 - 175 - 178 - 179 - 180 - 181 - 184 - 185 - 187 - 188 - 189 - 190 - 192 - 193 - 195 - 203 - 204 - 210 - 211 - 212 - 214 - 216 - 217 - 218 - 221 - 225 - 228 - 229 - 230 - 231 - 233 - 235 - 238 - 239 - 242 - 246 - 254 - 255 - 257 - 259 - 262 - 266 - 267 - 268 - 270 - 274 - 276 - 277 - 280 - 281 - 283 - 284 - 288 - 289 - 290 - 292 - 294 - 295 - 297 - 299 - 300 - 301 - 302 - 305 - 306 - 309 - 311 - 312 - 316 - 322 - 323 - 324 - 325 - 327 - 328 - 329 - 331 - 333 - 337 - 338 - 343 - 344 - 347 - 349 - 354 - 355 - 356 - 360 - 362 - 363 - 364 - 366 - 370 - 372 - 373 - 374 - 375 - 377 - 382 - 384 - 385 - 388 - 389 - 390 - 392 - 393 - 397 - 400 - 402 - 404 - 405 - 406 - 409 - 411 - 413 - 414 - 416 - 418 - 419 - 420 - 421 - 424 - 426 - 427 - 428 - 429 - 430 - 432 - 434 - 435 - 438 - 440 - 441 - 442 - 450 - 454 - 456 - 458 - 460 - 463 - 464 - 469 - 470 - 472 - 474 - 476 - 477 - 480 - 481 - 488 - 490 - 492 - 494 - 495 - 496,13718051.9,0.0,63530,69875,17.02,Cost: 63530 & Capacity: 69875
0 - 4 - 10 - 13 - 16 - 17 - 20 - 21 - 36 - 38 - 42 - 44 - 45 - 50 - 51 - 53 - 54 - 56 - 61 - 62 - 63 - 64 - 65 - 67 - 68 - 69 - 72 - 75 - 78 - 80 - 84 - 86 - 87 - 90 - 91 - 94 - 95 - 96 - 97 - 98 - 99 - 100 - 103 - 105 - 107 - 108 - 109 - 110 - 111 - 114 - 115 - 116 - 118 - 123 - 124 - 125 - 128 - 131 - 132 - 135 - 137 - 142 - 144 - 145 - 146 - 147 - 148 - 150 - 151 - 152 - 154 - 155 - 158 - 159 - 160 - 163 - 164 - 166 - 167 - 174 - 175 - 178 - 179 - 180 - 181 - 184 - 185 - 187 - 188 - 189 - 190 - 192 - 193 - 195 - 203 - 204 - 210 - 211 - 212 - 214 - 216 - 217 - 218 - 221 - 225 - 228 - 229 - 230 - 231 - 233 - 235 - 238 - 239 - 242 - 246 - 254 - 255 - 257 - 259 - 262 - 266 - 267 - 268 - 270 - 274 - 276 - 277 - 280 - 281 - 283 - 284 - 288 - 289 - 290 - 292 - 294 - 295 - 297 - 299 - 300 - 301 - 302 - 305 - 306 - 309 - 311 - 312 - 316 - 322 - 323 - 324 - 325 - 327 - 328 - 329 - 331 - 333 - 337 - 338 - 343 - 344 - 347 - 349 - 354 - 355 - 356 - 360 - 362 - 363 - 364 - 366 - 370 - 372 - 373 - 374 - 375 - 377 - 379 - 382 - 384 - 385 - 388 - 389 - 390 - 392 - 393 - 397 - 400 - 402 - 404 - 405 - 406 - 409 - 411 - 413 - 414 - 416 - 418 - 419 - 420 - 421 - 424 - 426 - 427 - 428 - 429 - 430 - 432 - 434 - 435 - 438 - 440 - 441 - 442 - 450 - 454 - 456 - 458 - 460 - 463 - 464 - 469 - 470 - 472 - 474 - 476 - 477 - 480 - 481 - 485 - 488 - 490 - 492 - 494 - 495 - 496,13956816.0,0.0,64644,70667,18.12,Cost: 64644 & Capacity: 70667
0 - 4 - 10 - 13 - 16 - 17 - 20 - 21 - 36 - 38 - 42 - 44 - 45 - 50 - 51 - 53 - 54 - 56 - 61 - 62 - 63 - 64 - 65 - 67 - 68 - 69 - 72 - 75 - 78 - 80 - 84 - 86 - 87 - 90 - 91 - 94 - 95 - 96 - 97 - 98 - 99 - 100 - 103 - 105 - 107 - 108 - 109 - 110 - 111 - 114 - 115 - 116 - 118 - 123 - 124 - 125 - 128 - 131 - 132 - 135 - 137 - 142 - 144 - 145 - 146 - 147 - 148 - 150 - 151 - 152 - 154 - 155 - 158 - 159 - 160 - 163 - 164 - 166 - 167 - 174 - 175 - 178 - 179 - 180 - 181 - 184 - 185 - 187 - 188 - 189 - 190 - 192 - 193 - 195 - 203 - 204 - 210 - 211 - 212 - 214 - 216 - 217 - 218 - 221 - 225 - 228 - 229 - 230 - 231 - 233 - 235 - 238 - 239 - 242 - 246 - 254 - 255 - 257 - 259 - 262 - 266 - 267 - 268 - 270 - 274 - 276 - 277 - 280 - 281 - 283 - 284 - 288 - 289 - 290 - 292 - 294 - 295 - 297 - 299 - 300 - 301 - 302 - 305 - 306 - 309 - 311 - 312 - 316 - 322 - 323 - 324 - 325 - 327 - 328 - 329 - 331 - 333 - 337 - 338 - 343 - 344 - 347 - 349 - 354 - 355 - 356 - 360 - 362 - 363 - 364 - 366 - 370 - 372 - 373 - 374 - 375 - 377 - 382 - 384 - 385 - 388 - 389 - 390 - 392 - 393 - 397 - 400 - 402 - 404 - 405 - 406 - 409 - 411 - 413 - 416 - 418 - 419 - 420 - 421 - 424 - 426 - 427 - 428 - 429 - 430 - 432 - 434 - 435 - 438 - 440 - 441 - 442 - 450 - 454 - 456 - 458 - 460 - 463 - 464 - 469 - 470 - 472 - 474 - 476 - 477 - 480 - 481 - 485 - 488 - 490 - 492 - 494 - 495 - 496,13725851.8,0.0,63534,69304,20.18,Cost: 63534 & Capacity: 69304
0 - 4 - 10 - 13 - 16 - 17 - 20 - 21 - 36 - 38 - 42 - 44 - 45 - 50 - 51 - 53 - 54 - 56 - 61 - 62 - 63 - 64 - 65 - 67 - 68 - 69 - 72 - 75 - 78 - 80 - 84 - 86 - 87 - 90 - 91 - 94 - 95 - 96 - 97 - 98 - 99 - 100 - 103 - 105 - 107 - 108 - 109 - 110 - 111 - 114 - 115 - 116 - 118 - 123 - 124 - 125 - 128 - 131 - 132 - 135 - 137 - 142 - 144 - 145 - 146 - 147 - 148 - 151 - 152 - 154 - 155 - 158 - 159 - 160 - 163 - 164 - 166 - 167 - 174 - 175 - 178 - 179 - 180 - 181 - 184 - 185 - 187 - 188 - 189 - 190 - 192 - 193 - 195 - 203 - 204 - 210 - 211 - 212 - 214 - 216 - 217 - 218 - 221 - 225 - 228 - 229 - 230 - 231 - 233 - 235 - 238 - 239 - 242 - 246 - 254 - 255 - 257 - 259 - 262 - 266 - 267 - 268 - 270 - 274 - 276 - 277 - 280 - 281 - 283 - 284 - 288 - 289 - 290 - 292 - 294 - 295 - 297 - 299 - 300 - 301 - 302 - 305 - 306 - 309 - 311 - 312 - 316 - 322 - 323 - 324 - 325 - 327 - 328 - 329 - 331 - 333 - 337 - 338 - 344 - 347 - 349 - 354 - 355 - 356 - 360 - 362 - 363 - 364 - 366 - 370 - 372 - 373 - 374 - 375 - 377 - 382 - 384 - 385 - 388 - 389 - 390 - 392 - 393 - 397 - 400 - 402 - 404 - 405 - 406 - 409 - 411 - 413 - 414 - 416 - 418 - 419 - 420 - 421 - 424 - 426 - 427 - 428 - 429 - 430 - 432 - 434 - 435 - 438 - 440 - 441 - 442 - 450 - 454 - 456 - 458 - 460 - 463 - 464 - 469 - 470 - 472 - 474 - 476 - 477 - 480 - 481 - 485 - 488 - 490 - 492 - 494 - 495 - 496,13603108.6,0.0,62970,69342,23.33,Cost: 62970 & Capacity: 69342
0 - 4 - 10 - 13 - 16 - 17 - 20 - 21 - 36 - 38 - 42 - 44 - 45 - 50 - 51 - 53 - 54 - 56 - 61 - 62 - 63 - 64 - 65 - 67 - 68 - 69 - 72 - 75 - 78 - 80 - 84 - 86 - 87 - 90 - 91 - 94 - 95 - 96 - 97 - 98 - 99 - 100 - 103 - 105 - 107 - 108 - 109 - 110 - 111 - 114 - 115 - 116 - 118 - 123 - 124 - 125 - 128 - 131 - 132 - 135 - 137 - 142 - 144 - 145 - 146 - 147 - 148 - 151 - 152 - 154 - 155 - 158 - 159 - 160 - 163 - 164 - 166 - 167 - 174 - 175 - 178 - 179 - 180 - 181 - 184 - 185 - 187 - 188 - 189 - 190 - 192 - 193 - 195 - 203 - 204 - 210 - 211 - 212 - 214 - 216 - 217 - 218 - 221 - 225 - 228 - 229 - 230 - 231 - 233 - 235 - 238 - 239 - 242 - 246 - 254 - 255 - 257 - 259 - 262 - 266 - 267 - 268 - 270 - 274 - 276 - 277 - 280 - 281 - 283 - 284 - 288 - 289 - 290 - 292 - 294 - 295 - 297 - 299 - 300 - 301 - 302 - 305 - 306 - 309 - 311 - 312 - 316 - 322 - 323 - 324 - 325 - 327 - 328 - 329 - 331 - 333 - 337 - 338 - 344 - 347 - 349 - 354 - 355 - 356 - 360 - 362 - 363 - 364 - 366 - 370 - 372 - 373 - 374 - 375 - 377 - 379 - 382 - 384 - 385 - 388 - 389 - 390 - 392 - 393 - 397 - 400 - 402 - 404 - 405 - 406 - 409 - 411 - 413 - 414 - 416 - 418 - 419 - 420 - 421 - 424 - 426 - 427 - 428 - 429 - 430 - 432 - 434 - 435 - 438 - 440 - 441 - 442 - 450 - 454 - 456 - 458 - 460 - 463 - 464 - 469 - 470 - 472 - 474 - 476 - 477 - 480 - 481 - 485 - 488 - 490 - 492 - 494 - 495 - 496,13720335.1,0.0,63531,69815,23.33,Cost: 63531 & Capacity: 69815
1 - 4 - 9 - 32 - 44 - 45 - 49 - 61 - 72 - 78 - 80 - 86 - 90 - 102 - 105 - 112 - 119 - 123 - 124 - 128 - 130 - 146 - 150 - 154 - 156 - 160 - 164 - 165 - 170 - 176 - 178 - 183 - 188 - 190 - 192 - 194 - 197 - 199 - 202 - 212 - 221 - 223 - 224 - 229 - 233 - 237 - 239 - 240 - 247 - 248 - 249 - 252 - 255 - 259 - 265 - 268 - 273 - 280 - 282 - 283 - 284 - 286 - 289 - 301 - 302 - 303 - 314 - 319 - 327 - 331 - 333 - 344 - 345 - 348 - 362 - 363 - 373 - 375 - 376 - 388 - 389 - 399 - 401 - 407 - 410 - 416 - 417 - 422 - 423 - 428 - 432 - 449 - 452 - 454 - 467 - 470 - 475 - 487 - 488 - 489,2606540.4,28.0,64183,52522,23.69,Cost: 64183 & Capacity: 52522
1 - 4 - 9 - 32 - 44 - 45 - 49 - 61 - 72 - 78 - 80 - 86 - 90 - 95 - 102 - 105 - 112 - 119 - 123 - 124 - 128 - 130 - 146 - 150 - 154 - 156 - 160 - 164 - 165 - 170 - 176 - 178 - 183 - 188 - 190 - 192 - 194 - 197 - 199 - 202 - 212 - 221 - 223 - 224 - 229 - 233 - 237 - 239 - 240 - 247 - 248 - 249 - 252 - 255 - 259 - 265 - 268 - 273 - 280 - 282 - 283 - 284 - 286 - 289 - 301 - 302 - 303 - 314 - 319 - 327 - 331 - 333 - 344 - 345 - 348 - 362 - 363 - 373 - 375 - 376 - 388 - 389 - 399 - 401 - 407 - 410 - 416 - 417 - 422 - 423 - 428 - 432 - 449 - 452 - 454 - 467 - 470 - 475 - 487 - 488 - 489,2659450.1,27.8,64644,52882,23.69,Cost: 64644 & Capacity: 52882
1 - 4 - 9 - 32 - 44 - 45 - 49 - 61 - 72 - 78 - 80 - 86 - 90 - 95 - 102 - 105 - 112 - 119 - 123 - 124 - 128 - 130 - 146 - 150 - 154 - 156 - 160 - 164 - 165 - 170 - 176 - 178 - 183 - 188 - 190 - 192 - 194 - 197 - 199 - 202 - 212 - 221 - 223 - 224 - 229 - 233 - 237 - 239 - 240 - 247 - 248 - 249 - 252 - 255 - 259 - 265 - 268 - 273 - 280 - 282 - 283 - 284 - 286 - 289 - 301 - 302 - 303 - 314 - 319 - 327 - 331 - 333 - 344 - 345 - 348 - 362 - 363 - 373 - 375 - 376 - 388 - 389 - 399 - 401 - 407 - 410 - 416 - 417 - 422 - 423 - 428 - 432 - 449 - 452 - 454 - 467 - 470 - 475 - 485 - 487 - 488 - 489,2711443.7,27.1,65197,53201,23.69,Cost: 65197 & Capacity: 53201
0 - 4 - 10 - 13 - 15 - 16 - 17 - 20 - 21 - 36 - 38 - 42 - 44 - 45 - 50 - 51 - 53 - 54 - 56 - 61 - 62 - 63 - 64 - 65 - 67 - 68 - 69 - 72 - 75 - 78 - 80 - 84 - 86 - 87 - 90 - 91 - 94 - 95 - 96 - 97 - 98 - 99 - 100 - 103 - 105 - 107 - 108 - 109 - 110 - 111 - 114 - 115 - 116 - 118 - 123 - 124 - 125 - 128 - 131 - 132 - 135 - 137 - 142 - 144 - 145 - 146 - 147 - 148 - 150 - 151 - 152 - 154 - 155 - 158 - 159 - 160 - 163 - 164 - 166 - 167 - 174 - 175 - 178 - 179 - 180 - 181 - 184 - 185 - 187 - 188 - 189 - 190 - 192 - 193 - 195 - 203 - 204 - 210 - 211 - 212 - 214 - 216 - 217 - 218 - 221 - 225 - 228 - 229 - 230 - 231 - 233 - 235 - 238 - 239 - 242 - 246 - 254 - 255 - 257 - 259 - 262 - 266 - 267 - 268 - 270 - 274 - 276 - 277 - 280 - 281 - 283 - 284 - 288 - 289 - 290 - 292 - 294 - 295 - 297 - 299 - 300 - 301 - 302 - 305 - 306 - 309 - 311 - 312 - 316 - 322 - 323 - 324 - 325 - 327 - 328 - 329 - 331 - 333 - 337 - 338 - 343 - 344 - 347 - 349 - 354 - 355 - 356 - 360 - 362 - 363 - 364 - 366 - 370 - 372 - 373 - 374 - 375 - 377 - 382 - 384 - 385 - 388 - 389 - 390 - 392 - 393 - 397 - 400 - 402 - 404 - 405 - 406 - 409 - 411 - 413 - 414 - 416 - 418 - 419 - 420 - 421 - 424 - 426 - 427 - 428 - 429 - 430 - 432 - 434 - 435 - 438 - 440 - 441 - 442 - 450 - 454 - 456 - 458 - 460 - 463 - 464 - 469 - 470 - 472 - 474 - 476 - 477 - 480 - 481 - 485 - 488 - 490 - 492 - 494 - 495 - 496,13951937.4,0.0,64657,70798,24.33,Cost: 64657 & Capacity: 70798
0 - 5 - 13 - 14 - 15 - 16 - 21 - 28 - 34 - 37 - 44 - 50 - 53 - 59 - 60 - 62 - 64 - 67 - 68 - 72 - 77 - 80 - 81 - 86 - 87 - 89 - 91 - 95 - 98 - 99 - 100 - 105 - 107 - 111 - 114 - 116 - 124 - 126 - 128 - 132 - 137 - 143 - 146 - 147 - 149 - 150 - 153 - 156 - 160 - 161 - 164 - 166 - 171 - 172 - 174 - 178 - 179 - 186 - 187 - 188 - 189 - 190 - 191 - 193 - 195 - 201 - 207 - 210 - 217 - 218 - 227 - 228 - 234 - 235 - 237 - 242 - 246 - 247 - 248 - 254 - 255 - 256 - 258 - 266 - 267 - 273 - 274 - 277 - 279 - 281 - 282 - 283 - 284 - 288 - 290 - 292 - 295 - 297 - 298 - 305 - 307 - 309 - 312 - 314 - 318 - 321 - 322 - 323 - 325 - 327 - 331 - 333 - 334 - 336 - 337 - 338 - 343 - 344 - 360 - 366 - 368 - 382 - 384 - 388 - 393 - 397 - 400 - 403 - 404 - 407 - 411 - 416 - 419 - 422 - 423 - 429 - 430 - 436 - 438 - 442 - 445 - 450 - 454 - 456 - 460 - 465 - 467 - 472 - 476 - 477 - 488 - 494 - 496,6010431.1,12.0,65378,59640,1.38,Cost: 65378 & Capacity: 59640
0 - 4 - 9 - 12 - 13 - 16 - 20 - 21 - 25 - 36 - 37 - 42 - 44 - 45 - 50 - 51 - 53 - 54 - 56 - 60 - 62 - 63 - 64 - 65 - 67 - 68 - 69 - 72 - 75 - 78 - 80 - 84 - 86 - 87 - 90 - 91 - 94 - 95 - 96 - 97 - 98 - 99 - 100 - 103 - 105 - 107 - 108 - 109 - 110 - 111 - 114 - 115 - 116 - 118 - 123 - 124 - 125 - 128 - 131 - 132 - 135 - 137 - 142 - 144 - 145 - 146 - 147 - 148 - 150 - 151 - 152 - 154 - 157 - 158 - 159 - 160 - 163 - 164 - 166 - 167 - 175 - 178 - 179 - 180 - 181 - 183 - 184 - 185 - 187 - 188 - 189 - 190 - 192 - 193 - 195 - 203 - 204 - 210 - 211 - 212 - 214 - 216 - 217 - 218 - 221 - 225 - 228 - 230 - 231 - 233 - 235 - 238 - 242 - 246 - 254 - 255 - 257 - 259 - 262 - 266 - 267 - 268 - 269 - 270 - 273 - 277 - 280 - 281 - 283 - 284 - 288 - 289 - 290 - 292 - 294 - 295 - 297 - 299 - 300 - 301 - 302 - 303 - 305 - 306 - 309 - 311 - 312 - 313 - 316 - 322 - 323 - 324 - 325 - 326 - 327 - 328 - 329 - 331 - 333 - 337 - 338 - 343 - 344 - 347 - 349 - 354 - 355 - 356 - 360 - 362 - 363 - 364 - 366 - 370 - 372 - 373 - 374 - 375 - 377 - 382 - 387 - 388 - 389 - 390 - 392 - 393 - 397 - 400 - 404 - 405 - 406 - 407 - 409 - 411 - 413 - 416 - 418 - 419 - 420 - 424 - 426 - 427 - 428 - 429 - 430 - 432 - 434 - 437 - 438 - 440 - 441 - 442 - 450 - 454 - 456 - 460 - 463 - 464 - 469 - 470 - 472 - 474 - 476 - 477 - 480 - 481 - 485 - 488 - 492 - 494 - 495 - 496,13565340.1,0.1,65502,69357,5.82,Cost: 65502 & Capacity: 69357
0 - 4 - 11 - 12 - 13 - 16 - 25 - 44 - 45 - 50 - 51 - 53 - 54 - 58 - 60 - 61 - 64 - 68 - 69 - 72 - 75 - 79 - 80 - 81 - 86 - 87 - 91 - 94 - 98 - 99 - 100 - 107 - 110 - 111 - 118 - 120 - 123 - 124 - 128 - 132 - 134 - 136 - 137 - 140 - 144 - 146 - 147 - 154 - 158 - 159 - 160 - 161 - 162 - 164 - 166 - 170 - 171 - 175 - 178 - 179 - 181 - 184 - 185 - 187 - 188 - 189 - 195 - 204 - 207 - 211 - 212 - 217 - 218 - 221 - 223 - 225 - 230 - 231 - 235 - 246 - 254 - 257 - 262 - 266 - 267 - 270 - 271 - 273 - 277 - 283 - 284 - 288 - 289 - 290 - 292 - 294 - 297 - 300 - 302 - 303 - 304 - 305 - 306 - 308 - 309 - 312 - 315 - 316 - 322 - 323 - 324 - 326 - 328 - 333 - 336 - 337 - 338 - 344 - 347 - 354 - 362 - 366 - 370 - 372 - 374 - 375 - 377 - 381 - 382 - 383 - 387 - 388 - 390 - 392 - 393 - 395 - 397 - 399 - 400 - 403 - 404 - 406 - 407 - 410 - 411 - 416 - 419 - 424 - 427 - 428 - 429 - 432 - 434 - 435 - 436 - 437 - 438 - 441 - 442 - 448 - 450 - 454 - 459 - 465 - 468 - 470 - 472 - 474 - 476 - 477 - 480 - 485 - 488 - 492 - 494 - 496 - 497 - 499,8038406.0,8.7,65483,62961,9.21,Cost: 65483 & Capacity: 62961
12 - 21 - 25 - 37 - 40 - 42 - 44 - 50 - 53 - 54 - 64 - 71 - 72 - 75 - 78 - 80 - 81 - 84 - 95 - 103 - 111 - 127 - 128 - 137 - 140 - 144 - 146 - 147 - 150 - 158 - 159 - 160 - 164 - 166 - 176 - 179 - 182 - 190 - 192 - 194 - 202 - 203 - 211 - 217 - 223 - 231 - 232 - 233 - 235 - 237 - 244 - 246 - 247 - 252 - 257 - 261 - 262 - 263 - 269 - 273 - 277 - 279 - 282 - 283 - 284 - 292 - 294 - 295 - 298 - 302 - 303 - 305 - 306 - 312 - 315 - 316 - 320 - 322 - 323 - 333 - 343 - 349 - 352 - 355 - 359 - 361 - 363 - 366 - 372 - 373 - 374 - 375 - 381 - 382 - 385 - 387 - 388 - 389 - 390 - 391 - 393 - 395 - 397 - 399 - 400 - 404 - 405 - 407 - 409 - 411 - 416 - 419 - 420 - 423 - 424 - 427 - 432 - 433 - 435 - 436 - 437 - 445 - 456 - 459 - 460 - 464 - 470 - 472 - 476 - 477 - 488 - 489 - 492 - 494 - 495 - 497 - 499,4792068.4,16.3,65354,56638,13.42,Cost: 65354 & Capacity: 56638
0 - 4 - 9 - 13 - 16 - 20 - 21 - 36 - 37 - 38 - 42 - 44 - 45 - 50 - 51 - 53 - 54 - 56 - 61 - 62 - 63 - 64 - 65 - 67 - 68 - 69 - 72 - 75 - 78 - 80 - 84 - 86 - 87 - 90 - 91 - 94 - 95 - 98 - 99 - 100 - 105 - 107 - 108 - 109 - 110 - 111 - 114 - 115 - 116 - 118 - 123 - 124 - 128 - 131 - 132 - 135 - 136 - 137 - 142 - 144 - 145 - 146 - 147 - 148 - 150 - 151 - 152 - 158 - 159 - 160 - 163 - 164 - 166 - 167 - 175 - 178 - 179 - 180 - 181 - 184 - 185 - 186 - 187 - 188 - 189 - 190 - 192 - 193 - 195 - 197 - 203 - 204 - 210 - 212 - 214 - 216 - 217 - 218 - 221 - 225 - 228 - 230 - 231 - 233 - 235 - 238 - 242 - 246 - 248 - 254 - 255 - 257 - 259 - 262 - 266 - 267 - 268 - 270 - 277 - 280 - 281 - 283 - 284 - 288 - 289 - 290 - 292 - 294 - 295 - 297 - 299 - 300 - 301 - 302 - 303 - 305 - 306 - 309 - 311 - 312 - 313 - 315 - 316 - 322 - 323 - 324 - 325 - 327 - 328 - 329 - 331 - 333 - 335 - 337 - 338 - 342 - 344 - 347 - 349 - 354 - 355 - 356 - 360 - 362 - 363 - 364 - 366 - 369 - 370 - 372 - 373 - 374 - 375 - 377 - 379 - 382 - 388 - 389 - 390 - 392 - 393 - 397 - 400 - 404 - 405 - 406 - 407 - 410 - 411 - 413 - 414 - 416 - 418 - 419 - 420 - 421 - 424 - 426 - 427 - 428 - 429 - 430 - 432 - 434 - 435 - 438 - 440 - 441 - 442 - 450 - 454 - 460 - 463 - 464 - 468 - 469 - 470 - 472 - 474 - 476 - 477 - 480 - 481 - 485 - 488 - 492 - 494 - 495 - 496,13266062.3,0.3,65504,72473,15.25,Cost: 65504 & Capacity: 72473
0 - 4 - 9 - 10 - 13 - 16 - 17 - 20 - 21 - 36 - 37 - 38 - 42 - 44 - 45 - 50 - 51 - 53 - 54 - 56 - 60 - 61 - 62 - 63 - 64 - 65 - 67 - 68 - 69 - 71 - 72 - 75 - 78 - 80 - 84 - 86 - 87 - 90 - 91 - 94 - 95 - 96 - 97 - 98 - 99 - 100 - 103 - 105 - 107 - 108 - 109 - 110 - 111 - 114 - 115 - 116 - 118 - 123 - 124 - 125 - 128 - 131 - 132 - 135 - 137 - 142 - 144 - 145 - 146 - 147 - 148 - 151 - 152 - 154 - 155 - 158 - 159 - 160 - 163 - 164 - 166 - 167 - 174 - 175 - 178 - 179 - 180 - 181 - 184 - 185 - 187 - 188 - 189 - 190 - 192 - 193 - 195 - 203 - 204 - 210 - 211 - 212 - 214 - 216 - 217 - 218 - 221 - 225 - 228 - 229 - 230 - 231 - 233 - 235 - 238 - 239 - 242 - 246 - 254 - 255 - 257 - 259 - 262 - 266 - 267 - 268 - 270 - 276 - 277 - 280 - 281 - 283 - 284 - 288 - 289 - 290 - 292 - 294 - 295 - 297 - 299 - 300 - 301 - 302 - 305 - 306 - 309 - 311 - 312 - 316 - 322 - 323 - 324 - 325 - 327 - 328 - 329 - 331 - 333 - 337 - 338 - 343 - 344 - 347 - 349 - 354 - 355 - 356 - 360 - 362 - 363 - 364 - 366 - 369 - 370 - 372 - 373 - 374 - 375 - 377 - 379 - 382 - 384 - 385 - 388 - 389 - 390 - 392 - 393 - 397 - 400 - 402 - 404 - 405 - 406 - 409 - 411 - 413 - 416 - 418 - 419 - 420 - 421 - 424 - 426 - 427 - 428 - 429 - 430 - 432 - 434 - 435 - 438 - 440 - 441 - 442 - 450 - 454 - 456 - 460 - 463 - 464 - 469 - 470 - 472 - 474 - 476 - 477 - 480 - 481 - 485 - 488 - 490 - 492 - 494 - 495 - 496,14132482.5,0.0,65506,71256,15.85,Cost: 65506 & Capacity: 71256
5 - 12 - 13 - 21 - 32 - 38 - 44 - 45 - 51 - 59 - 61 - 64 - 67 - 72 - 76 - 84 - 86 - 95 - 96 - 100 - 104 - 105 - 107 - 114 - 116 - 117 - 118 - 119 - 120 - 122 - 125 - 132 - 136 - 140 - 145 - 146 - 147 - 148 - 153 - 160 - 161 - 162 - 164 - 166 - 178 - 180 - 188 - 189 - 192 - 193 - 194 - 201 - 202 - 206 - 210 - 217 - 219 - 223 - 239 - 246 - 248 - 258 - 259 - 260 - 265 - 266 - 268 - 272 - 273 - 275 - 282 - 290 - 300 - 304 - 306 - 307 - 310 - 314 - 319 - 321 - 325 - 327 - 328 - 331 - 332 - 333 - 338 - 343 - 344 - 353 - 361 - 366 - 374 - 375 - 388 - 389 - 394 - 397 - 399 - 406 - 407 - 411 - 415 - 422 - 423 - 425 - 436 - 439 - 454 - 460 - 464 - 465 - 467 - 476 - 477 - 489 - 493 - 494,3605717.9,19.6,65191,53373,18.62,Cost: 65191 & Capacity: 53373
0 - 4 - 9 - 13 - 16 - 17 - 20 - 21 - 36 - 37 - 38 - 42 - 44 - 45 - 50 - 51 - 53 - 54 - 56 - 60 - 61 - 62 - 63 - 64 - 65 - 67 - 68 - 69 - 71 - 72 - 75 - 78 - 80 - 84 - 86 - 87 - 90 - 91 - 94 - 95 - 96 - 97 - 98 - 99 - 100 - 103 - 105 - 107 - 108 - 109 - 110 - 111 - 114 - 115 - 116 - 118 - 123 - 124 - 125 - 128 - 131 - 132 - 135 - 137 - 142 - 144 - 145 - 146 - 147 - 148 - 150 - 151 - 152 - 154 - 155 - 158 - 159 - 160 - 163 - 164 - 166 - 167 - 174 - 175 - 178 - 179 - 180 - 181 - 184 - 185 - 187 - 188 - 189 - 190 - 192 - 193 - 195 - 203 - 204 - 210 - 211 - 212 - 214 - 216 - 217 - 218 - 221 - 225 - 228 - 229 - 230 - 231 - 233 - 235 - 238 - 242 - 246 - 254 - 255 - 257 - 259 - 262 - 266 - 267 - 268 - 270 - 274 - 276 - 277 - 280 - 281 - 283 - 284 - 288 - 289 - 290 - 292 - 294 - 295 - 297 - 299 - 300 - 301 - 302 - 305 - 306 - 309 - 311 - 312 - 316 - 322 - 323 - 324 - 325 - 327 - 328 - 329 - 331 - 333 - 337 - 338 - 343 - 344 - 347 - 349 - 354 - 355 - 356 - 360 - 362 - 363 - 364 - 366 - 369 - 370 - 372 - 373 - 374 - 375 - 377 - 379 - 382 - 384 - 385 - 388 - 389 - 390 - 392 - 393 - 397 - 400 - 402 - 404 - 405 - 406 - 409 - 411 - 413 - 416 - 418 - 419 - 420 - 421 - 424 - 426 - 427 - 428 - 429 - 430 - 432 - 434 - 435 - 438 - 440 - 441 - 442 - 450 - 454 - 456 - 460 - 463 - 464 - 469 - 470 - 472 - 474 - 476 - 477 - 480 - 481 - 485 - 488 - 490 - 492 - 494 - 495 - 496,14137027.9,0.0,65488,71287,23.25,Cost: 65488 & Capacity: 71287
0 - 4 - 10 - 13 - 16 - 17 - 20 - 21 - 36 - 38 - 42 - 44 - 45 - 50 - 51 - 53 - 54 - 56 - 61 - 62 - 63 - 64 - 65 - 67 - 68 - 69 - 72 - 75 - 78 - 80 - 84 - 86 - 87 - 90 - 91 - 94 - 95 - 96 - 97 - 98 - 99 - 100 - 103 - 105 - 107 - 108 - 109 - 110 - 111 - 114 - 115 - 116 - 118 - 123 - 124 - 125 - 128 - 131 - 132 - 135 - 137 - 142 - 144 - 145 - 146 - 147 - 148 - 151 - 152 - 154 - 155 - 158 - 159 - 160 - 163 - 164 - 166 - 167 - 174 - 175 - 178 - 179 - 180 - 181 - 184 - 185 - 187 - 188 - 189 - 190 - 192 - 193 - 195 - 203 - 204 - 210 - 211 - 212 - 214 - 216 - 217 - 218 - 221 - 225 - 228 - 229 - 230 - 231 - 233 - 235 - 238 - 239 - 242 - 246 - 254 - 255 - 257 - 259 - 262 - 266 - 267 - 268 - 270 - 274 - 276 - 277 - 280 - 281 - 283 - 284 - 288 - 289 - 290 - 292 - 294 - 295 - 297 - 299 - 300 - 301 - 302 - 305 - 306 - 309 - 311 - 312 - 316 - 322 - 323 - 324 - 325 - 327 - 328 - 329 - 331 - 333 - 337 - 338 - 344 - 347 - 349 - 354 - 355 - 356 - 360 - 362 - 363 - 364 - 366 - 370 - 372 - 373 - 374 - 375 - 377 - 382 - 384 - 385 - 388 - 389 - 390 - 392 - 393 - 397 - 400 - 402 - 404 - 405 - 406 - 409 - 411 - 413 - 414 - 416 - 418 - 419 - 420 - 421 - 424 - 426 - 427 - 428 - 429 - 430 - 432 - 434 - 435 - 438 - 440 - 441 - 442 - 450 - 454 - 456 - 458 - 460 - 463 - 464 - 469 - 470 - 472 - 474 - 476 - 477 - 480 - 481 - 485 - 488 - 490 - 492 - 494 - 495 - 496,13603108.6,0.0,62970,69342,26.96,Cost: 62970 & Capacity: 69342
12 - 17 - 18 - 21 - 36 - 37 - 42 - 44 - 64 - 69 - 75 - 77 - 80 - 84 - 86 - 91 - 95 - 99 - 105 - 107 - 111 - 118 - 137 - 139 - 142 - 144 - 146 - 147 - 154 - 156 - 159 - 164 - 166 - 168 - 169 - 178 - 179 - 180 - 187 - 190 - 192 - 197 - 207 - 217 - 218 - 227 - 228 - 231 - 233 - 237 - 239 - 248 - 252 - 255 - 263 - 266 - 272 - 273 - 277 - 284 - 285 - 287 - 288 - 289 - 293 - 294 - 295 - 297 - 299 - 303 - 306 - 308 - 309 - 313 - 315 - 316 - 318 - 321 - 322 - 326 - 327 - 329 - 330 - 331 - 333 - 334 - 343 - 345 - 352 - 355 - 356 - 366 - 369 - 371 - 372 - 373 - 374 - 379 - 381 - 385 - 387 - 388 - 389 - 391 - 393 - 398 - 404 - 411 - 416 - 418 - 423 - 427 - 433 - 436 - 437 - 438 - 440 - 443 - 444 - 446 - 450 - 459 - 465 - 468 - 472 - 474 - 476 - 477 - 480 - 488 - 494 - 497,4464269.7,16.8,65476,58030,29.91,Cost: 65476 & Capacity: 58030
0 - 4 - 9 - 10 - 13 - 16 - 17 - 20 - 21 - 36 - 37 - 38 - 42 - 44 - 45 - 50 - 51 - 53 - 54 - 56 - 60 - 61 - 62 - 63 - 64 - 65 - 67 - 68 - 69 - 71 - 72 - 75 - 78 - 80 - 84 - 86 - 87 - 90 - 91 - 94 - 95 - 96 - 97 - 98 - 99 - 100 - 103 - 105 - 107 - 108 - 109 - 110 - 111 - 114 - 115 - 116 - 118 - 123 - 124 - 125 - 128 - 131 - 132 - 135 - 137 - 142 - 144 - 145 - 146 - 147 - 148 - 151 - 152 - 154 - 155 - 158 - 159 - 160 - 163 - 164 - 166 - 167 - 174 - 175 - 178 - 179 - 180 - 181 - 184 - 185 - 187 - 188 - 189 - 190 - 192 - 193 - 195 - 203 - 204 - 210 - 211 - 212 - 214 - 216 - 217 - 218 - 221 - 225 - 228 - 229 - 230 - 231 - 233 - 235 - 238 - 239 - 242 - 246 - 254 - 255 - 257 - 259 - 262 - 266 - 267 - 268 - 270 - 276 - 277 - 280 - 281 - 283 - 284 - 288 - 289 - 290 - 292 - 294 - 295 - 297 - 299 - 300 - 301 - 302 - 305 - 306 - 309 - 311 - 312 - 316 - 322 - 323 - 324 - 325 - 327 - 328 - 329 - 331 - 333 - 337 - 338 - 343 - 344 - 347 - 349 - 354 - 355 - 356 - 360 - 362 - 363 - 364 - 366 - 369 - 370 - 372 - 373 - 374 - 375 - 377 - 379 - 382 - 384 - 385 - 388 - 389 - 390 - 392 - 393 - 397 - 400 - 402 - 404 - 405 - 406 - 409 - 411 - 413 - 416 - 418 - 419 - 420 - 421 - 424 - 426 - 427 - 428 - 429 - 430 - 432 - 434 - 435 - 438 - 440 - 441 - 442 - 450 - 454 - 456 - 460 - 463 - 464 - 469 - 470 - 472 - 474 - 476 - 477 - 480 - 481 - 485 - 488 - 490 - 492 - 494 - 495 - 496,14132482.5,0.0,65506,71256,30.2,Cost: 65506 & Capacity: 71256
0 - 4 - 9 - 10 - 13 - 16 - 17 - 20 - 21 - 36 - 37 - 38 - 42 - 44 - 45 - 50 - 51 - 53 - 54 - 56 - 60 - 61 - 62 - 63 - 64 - 65 - 67 - 68 - 69 - 71 - 72 - 75 - 78 - 80 - 84 - 86 - 87 - 90 - 91 - 94 - 95 - 96 - 97 - 98 - 99 - 100 - 103 - 105 - 107 - 108 - 109 - 110 - 111 - 114 - 115 - 116 - 118 - 123 - 124 - 125 - 128 - 131 - 132 - 135 - 137 - 142 - 144 - 145 - 146 - 147 - 148 - 151 - 152 - 154 - 155 - 158 - 159 - 160 - 163 - 164 - 166 - 167 - 174 - 175 - 178 - 179 - 180 - 181 - 184 - 185 - 187 - 188 - 189 - 190 - 192 - 193 - 195 - 203 - 204 - 210 - 211 - 212 - 214 - 216 - 217 - 218 - 221 - 225 - 228 - 229 - 230 - 231 - 233 - 235 - 238 - 239 - 242 - 246 - 254 - 255 - 257 - 259 - 262 - 266 - 267 - 268 - 270 - 276 - 277 - 280 - 281 - 283 - 284 - 288 - 289 - 290 - 292 - 294 - 295 - 297 - 299 - 300 - 301 - 302 - 305 - 306 - 309 - 311 - 312 - 316 - 322 - 323 - 324 - 325 - 327 - 328 - 329 - 331 - 333 - 337 - 338 - 343 - 344 - 347 - 349 - 354 - 355 - 356 - 360 - 362 - 363 - 364 - 366 - 369 - 370 - 372 - 373 - 374 - 375 - 377 - 379 - 382 - 384 - 385 - 388 - 389 - 390 - 392 - 393 - 397 - 400 - 402 - 404 - 405 - 406 - 409 - 411 - 413 - 416 - 418 - 419 - 420 - 421 - 424 - 426 - 427 - 428 - 429 - 430 - 432 - 434 - 435 - 438 - 440 - 441 - 442 - 450 - 454 - 456 - 460 - 463 - 464 - 469 - 470 - 472 - 474 - 476 - 477 - 480 - 481 - 485 - 488 - 490 - 492 - 494 - 495 - 496,14132482.5,0.0,65506,71256,33.32,Cost: 65506 & Capacity: 71256
0 - 1 - 5 - 8 - 13 - 21 - 26 - 36 - 38 - 42 - 50 - 53 - 54 - 61 - 62 - 64 - 67 - 79 - 84 - 90 - 91 - 95 - 101 - 104 - 107 - 110 - 111 - 112 - 114 - 117 - 140 - 147 - 148 - 150 - 152 - 156 - 166 - 170 - 172 - 178 - 185 - 189 - 192 - 194 - 196 - 201 - 206 - 207 - 216 - 221 - 227 - 231 - 250 - 252 - 254 - 256 - 262 - 266 - 268 - 273 - 275 - 277 - 279 - 280 - 285 - 288 - 292 - 294 - 298 - 307 - 309 - 314 - 320 - 326 - 327 - 330 - 331 - 333 - 342 - 344 - 358 - 362 - 369 - 381 - 385 - 388 - 389 - 395 - 402 - 408 - 410 - 415 - 418 - 421 - 423 - 428 - 429 - 438 - 440 - 442 - 445 - 449 - 450 - 459 - 460 - 475 - 477 - 480 - 485 - 494 - 499,3177597.7,23.6,64286,53437,33.77,Cost: 64286 & Capacity: 53437
0 - 1 - 5 - 8 - 13 - 21 - 26 - 36 - 38 - 42 - 50 - 53 - 54 - 61 - 62 - 64 - 67 - 79 - 84 - 90 - 91 - 95 - 101 - 104 - 107 - 110 - 111 - 112 - 114 - 117 - 140 - 145 - 147 - 148 - 150 - 152 - 156 - 166 - 170 - 172 - 178 - 185 - 189 - 192 - 194 - 196 - 201 - 206 - 207 - 216 - 221 - 227 - 231 - 250 - 252 - 254 - 256 - 262 - 266 - 268 - 273 - 275 - 277 - 279 - 280 - 285 - 288 - 292 - 294 - 298 - 307 - 309 - 314 - 320 - 326 - 327 - 330 - 331 - 333 - 342 - 344 - 358 - 362 - 369 - 381 - 385 - 388 - 389 - 393 - 395 - 402 - 408 - 410 - 415 - 418 - 421 - 423 - 428 - 429 - 438 - 440 - 442 - 445 - 449 - 450 - 459 - 460 - 475 - 477 - 480 - 485 - 494 - 499,3292854.0,22.9,64596,53863,33.76,Cost: 64596 & Capacity: 53863
0 - 1 - 5 - 8 - 13 - 21 - 26 - 36 - 38 - 42 - 50 - 53 - 54 - 56 - 61 - 62 - 64 - 67 - 79 - 84 - 86 - 90 - 91 - 95 - 99 - 101 - 104 - 107 - 110 - 111 - 112 - 114 - 117 - 140 - 145 - 147 - 148 - 150 - 152 - 156 - 166 - 170 - 172 - 178 - 185 - 189 - 192 - 194 - 196 - 201 - 206 - 207 - 216 - 221 - 227 - 231 - 250 - 252 - 254 - 256 - 262 - 266 - 268 - 273 - 275 - 277 - 279 - 280 - 285 - 288 - 292 - 294 - 298 - 307 - 309 - 314 - 320 - 326 - 327 - 330 - 331 - 333 - 342 - 344 - 358 - 362 - 369 - 381 - 385 - 388 - 389 - 393 - 395 - 397 - 402 - 408 - 410 - 415 - 418 - 421 - 423 - 428 - 429 - 438 - 440 - 442 - 445 - 449 - 450 - 459 - 460 - 475 - 476 - 477 - 480 - 485 - 494 - 499,3589588.2,20.9,65230,55002,33.76,Cost: 65230 & Capacity: 55002
0 - 4 - 9 - 10 - 13 - 16 - 17 - 20 - 21 - 36 - 37 - 38 - 42 - 44 - 45 - 50 - 51 - 53 - 54 - 56 - 60 - 61 - 62 - 63 - 64 - 65 - 67 - 68 - 69 - 71 - 72 - 75 - 78 - 80 - 84 - 86 - 87 - 90 - 91 - 94 - 95 - 96 - 97 - 98 - 99 - 100 - 103 - 105 - 107 - 108 - 109 - 110 - 111 - 114 - 115 - 116 - 118 - 123 - 124 - 125 - 128 - 131 - 132 - 135 - 137 - 142 - 144 - 145 - 146 - 147 - 148 - 151 - 152 - 154 - 155 - 158 - 159 - 160 - 163 - 164 - 166 - 167 - 174 - 175 - 178 - 179 - 180 - 181 - 184 - 185 - 187 - 188 - 189 - 190 - 192 - 193 - 195 - 203 - 204 - 210 - 211 - 212 - 214 - 216 - 217 - 218 - 221 - 225 - 228 - 229 - 230 - 231 - 233 - 235 - 238 - 239 - 242 - 246 - 254 - 255 - 257 - 259 - 262 - 266 - 267 - 268 - 270 - 276 - 277 - 280 - 281 - 283 - 284 - 288 - 289 - 290 - 292 - 294 - 295 - 297 - 299 - 300 - 301 - 302 - 305 - 306 - 309 - 311 - 312 - 316 - 322 - 323 - 324 - 325 - 327 - 328 - 329 - 331 - 333 - 337 - 338 - 343 - 344 - 347 - 349 - 354 - 355 - 356 - 360 - 362 - 363 - 364 - 366 - 369 - 370 - 372 - 373 - 374 - 375 - 377 - 379 - 382 - 384 - 385 - 388 - 389 - 390 - 392 - 393 - 397 - 400 - 402 - 404 - 405 - 406 - 409 - 411 - 413 - 416 - 418 - 419 - 420 - 421 - 424 - 426 - 427 - 428 - 429 - 430 - 432 - 434 - 435 - 438 - 440 - 441 - 442 - 450 - 454 - 456 - 460 - 463 - 464 - 469 - 470 - 472 - 474 - 476 - 477 - 480 - 481 - 485 - 488 - 490 - 492 - 494 - 495 - 496,14132482.5,0.0,65506,71256,36.93,Cost: 65506 & Capacity: 71256
0 - 4 - 9 - 10 - 13 - 16 - 17 - 20 - 21 - 36 - 37 - 38 - 42 - 44 - 45 - 50 - 51 - 53 - 54 - 56 - 60 - 61 - 62 - 63 - 64 - 65 - 67 - 68 - 69 - 71 - 72 - 75 - 78 - 80 - 84 - 86 - 87 - 90 - 91 - 94 - 95 - 96 - 97 - 98 - 99 - 100 - 103 - 105 - 107 - 108 - 109 - 110 - 111 - 114 - 115 - 116 - 118 - 123 - 124 - 125 - 128 - 131 - 132 - 135 - 137 - 142 - 144 - 145 - 146 - 147 - 148 - 151 - 152 - 154 - 155 - 158 - 159 - 160 - 163 - 164 - 166 - 167 - 174 - 175 - 178 - 179 - 180 - 181 - 184 - 185 - 187 - 188 - 189 - 190 - 192 - 193 - 195 - 203 - 204 - 210 - 211 - 212 - 214 - 216 - 217 - 218 - 221 - 225 - 228 - 229 - 230 - 231 - 233 - 235 - 238 - 239 - 242 - 246 - 254 - 255 - 257 - 259 - 262 - 266 - 267 - 268 - 270 - 276 - 277 - 280 - 281 - 283 - 284 - 288 - 289 - 290 - 292 - 294 - 295 - 297 - 299 - 300 - 301 - 302 - 305 - 306 - 309 - 311 - 312 - 316 - 322 - 323 - 324 - 325 - 327 - 328 - 329 - 331 - 333 - 337 - 338 - 343 - 344 - 347 - 349 - 354 - 355 - 356 - 360 - 362 - 363 - 364 - 366 - 369 - 370 - 372 - 373 - 374 - 375 - 377 - 379 - 382 - 384 - 385 - 388 - 389 - 390 - 392 - 393 - 397 - 400 - 402 - 404 - 405 - 406 - 409 - 411 - 413 - 416 - 418 - 419 - 420 - 421 - 424 - 426 - 427 - 428 - 429 - 430 - 432 - 434 - 435 - 438 - 440 - 441 - 442 - 450 - 454 - 456 - 460 - 463 - 464 - 469 - 470 - 472 - 474 - 476 - 477 - 480 - 481 - 485 - 488 - 490 - 492 - 494 - 495 - 496,14132482.5,0.0,65506,71256,37.78,Cost: 65506 & Capacity: 71256
0 - 4 - 9 - 10 - 13 - 16 - 17 - 20 - 21 - 36 - 37 - 38 - 42 - 44 - 45 - 50 - 51 - 53 - 54 - 56 - 60 - 61 - 62 - 63 - 64 - 65 - 67 - 68 - 69 - 71 - 72 - 75 - 78 - 80 - 84 - 86 - 87 - 90 - 91 - 94 - 95 - 96 - 97 - 98 - 99 - 100 - 103 - 105 - 107 - 108 - 109 - 110 - 111 - 114 - 115 - 116 - 118 - 123 - 124 - 125 - 128 - 131 - 132 - 135 - 137 - 142 - 144 - 145 - 146 - 147 - 148 - 151 - 152 - 154 - 155 - 158 - 159 - 160 - 163 - 164 - 166 - 167 - 174 - 175 - 178 - 179 - 180 - 181 - 184 - 185 - 187 - 188 - 189 - 190 - 192 - 193 - 195 - 203 - 204 - 210 - 211 - 212 - 214 - 216 - 217 - 218 - 221 - 225 - 228 - 229 - 230 - 231 - 233 - 235 - 238 - 239 - 242 - 246 - 254 - 255 - 257 - 259 - 262 - 266 - 267 - 268 - 270 - 276 - 277 - 280 - 281 - 283 - 284 - 288 - 289 - 290 - 292 - 294 - 295 - 297 - 299 - 300 - 301 - 302 - 305 - 306 - 309 - 311 - 312 - 316 - 322 - 323 - 324 - 325 - 327 - 328 - 329 - 331 - 333 - 337 - 338 - 343 - 344 - 347 - 349 - 354 - 355 - 356 - 360 - 362 - 363 - 364 - 366 - 369 - 370 - 372 - 373 - 374 - 375 - 377 - 379 - 382 - 384 - 385 - 388 - 389 - 390 - 392 - 393 - 397 - 400 - 402 - 404 - 405 - 406 - 409 - 411 - 413 - 416 - 418 - 419 - 420 - 421 - 424 - 426 - 427 - 428 - 429 - 430 - 432 - 434 - 435 - 438 - 440 - 441 - 442 - 450 - 454 - 456 - 460 - 463 - 464 - 469 - 470 - 472 - 474 - 476 - 477 - 480 - 481 - 485 - 488 - 490 - 492 - 494 - 495 - 496,14132482.5,0.0,65506,71256,39.11,Cost: 65506 & Capacity: 71256
0 - 5 - 21 - 29 - 35 - 37 - 40 - 42 - 47 - 48 - 57 - 59 - 61 - 67 - 71 - 74 - 77 - 78 - 81 - 84 - 93 - 95 - 99 - 105 - 107 - 111 - 114 - 119 - 122 - 127 - 128 - 135 - 137 - 140 - 144 - 146 - 150 - 153 - 155 - 156 - 163 - 172 - 179 - 183 - 184 - 188 - 189 - 194 - 202 - 211 - 212 - 225 - 227 - 228 - 231 - 233 - 235 - 240 - 248 - 252 - 255 - 264 - 270 - 271 - 277 - 279 - 283 - 284 - 285 - 286 - 292 - 295 - 298 - 299 - 301 - 302 - 303 - 305 - 312 - 319 - 326 - 328 - 331 - 338 - 341 - 347 - 356 - 362 - 364 - 388 - 400 - 402 - 408 - 417 - 418 - 433 - 442 - 447 - 449 - 450 - 454 - 460 - 463 - 467 - 468 - 477 - 482 - 485,3077266.3,26.3,65110,52399,40.14,Cost: 65110 & Capacity: 52399
12 - 15 - 22 - 29 - 37 - 40 - 43 - 44 - 45 - 48 - 59 - 60 - 62 - 64 - 71 - 72 - 76 - 79 - 81 - 87 - 95 - 99 - 100 - 109 - 110 - 114 - 133 - 134 - 135 - 139 - 141 - 146 - 150 - 153 - 155 - 156 - 157 - 158 - 159 - 160 - 161 - 162 - 163 - 164 - 166 - 170 - 174 - 179 - 187 - 189 - 190 - 195 - 202 - 210 - 211 - 218 - 233 - 237 - 240 - 242 - 246 - 247 - 248 - 255 - 257 - 262 - 267 - 268 - 270 - 271 - 273 - 276 - 277 - 283 - 289 - 290 - 292 - 293 - 295 - 301 - 302 - 307 - 310 - 312 - 315 - 317 - 320 - 322 - 333 - 338 - 341 - 354 - 361 - 362 - 364 - 370 - 372 - 375 - 388 - 392 - 393 - 394 - 398 - 400 - 403 - 404 - 405 - 411 - 413 - 419 - 427 - 436 - 441 - 448 - 451 - 456 - 458 - 459 - 466 - 476 - 477 - 479 - 480 - 485 - 488 - 493 - 494 - 496 - 499,4267753.1,18.6,64398,56241,40.33,Cost: 64398 & Capacity: 56241
0 - 4 - 12 - 13 - 16 - 17 - 21 - 25 - 28 - 29 - 36 - 43 - 44 - 45 - 50 - 51 - 53 - 54 - 58 - 60 - 61 - 62 - 63 - 64 - 67 - 68 - 72 - 75 - 79 - 80 - 81 - 94 - 95 - 98 - 99 - 100 - 103 - 107 - 108 - 109 - 110 - 111 - 118 - 123 - 125 - 128 - 131 - 132 - 136 - 137 - 144 - 146 - 147 - 157 - 158 - 159 - 160 - 163 - 164 - 170 - 171 - 174 - 175 - 179 - 181 - 183 - 184 - 185 - 187 - 188 - 189 - 195 - 203 - 207 - 210 - 211 - 212 - 217 - 218 - 219 - 221 - 223 - 225 - 230 - 231 - 235 - 238 - 246 - 248 - 254 - 257 - 262 - 266 - 267 - 268 - 273 - 277 - 282 - 283 - 284 - 287 - 288 - 290 - 292 - 294 - 297 - 298 - 300 - 302 - 305 - 306 - 307 - 309 - 315 - 316 - 322 - 323 - 324 - 326 - 328 - 333 - 336 - 337 - 338 - 342 - 343 - 347 - 350 - 366 - 370 - 372 - 374 - 375 - 382 - 383 - 387 - 388 - 392 - 393 - 395 - 400 - 404 - 406 - 410 - 411 - 414 - 419 - 427 - 428 - 429 - 432 - 434 - 436 - 437 - 438 - 441 - 442 - 448 - 454 - 460 - 464 - 470 - 472 - 474 - 476 - 477 - 478 - 479 - 480 - 485 - 488 - 489 - 494 - 496 - 499,7775322.3,8.9,65393,62252,41.74,Cost: 65393 & Capacity: 62252
2 - 18 - 21 - 37 - 42 - 44 - 48 - 50 - 53 - 62 - 64 - 67 - 69 - 72 - 75 - 84 - 87 - 95 - 107 - 111 - 116 - 128 - 136 - 137 - 143 - 144 - 147 - 149 - 152 - 163 - 166 - 167 - 169 - 170 - 178 - 187 - 188 - 190 - 192 - 202 - 203 - 207 - 211 - 217 - 218 - 221 - 223 - 231 - 233 - 234 - 237 - 239 - 242 - 246 - 261 - 262 - 263 - 266 - 269 - 272 - 277 - 281 - 284 - 285 - 287 - 292 - 295 - 298 - 299 - 300 - 304 - 308 - 312 - 316 - 322 - 323 - 326 - 330 - 333 - 334 - 338 - 345 - 349 - 352 - 361 - 362 - 364 - 366 - 372 - 374 - 375 - 381 - 382 - 387 - 388 - 389 - 390 - 391 - 393 - 402 - 404 - 406 - 409 - 413 - 415 - 416 - 419 - 423 - 424 - 427 - 428 - 429 - 432 - 433 - 435 - 436 - 438 - 440 - 442 - 460 - 465 - 468 - 470 - 472 - 476 - 477 - 478 - 480 - 482 - 485 - 488 - 489 - 490 - 492 - 494 - 497 - 499,4810956.0,15.3,65403,58924,42.59,Cost: 65403 & Capacity: 58924
5 - 13 - 20 - 21 - 25 - 29 - 32 - 33 - 42 - 44 - 59 - 63 - 67 - 72 - 77 - 81 - 86 - 87 - 88 - 91 - 93 - 95 - 99 - 104 - 105 - 111 - 114 - 116 - 117 - 118 - 122 - 125 - 128 - 137 - 139 - 140 - 143 - 145 - 146 - 148 - 155 - 156 - 159 - 161 - 166 - 173 - 174 - 179 - 180 - 184 - 193 - 198 - 202 - 203 - 223 - 225 - 227 - 233 - 239 - 240 - 241 - 248 - 263 - 264 - 265 - 266 - 269 - 270 - 275 - 283 - 284 - 285 - 290 - 292 - 301 - 302 - 303 - 305 - 306 - 307 - 311 - 312 - 314 - 325 - 327 - 328 - 329 - 331 - 333 - 341 - 356 - 359 - 361 - 368 - 377 - 387 - 388 - 389 - 394 - 395 - 409 - 411 - 417 - 418 - 430 - 451 - 454 - 465 - 477 - 478 - 483 - 485 - 493 - 495 - 497 - 498 - 499,3538069.1,22.2,65311,53904,43.44,Cost: 65311 & Capacity: 53904
0 - 4 - 9 - 12 - 13 - 16 - 25 - 44 - 45 - 50 - 51 - 53 - 54 - 60 - 63 - 64 - 65 - 68 - 69 - 72 - 75 - 81 - 84 - 86 - 87 - 90 - 91 - 94 - 95 - 96 - 98 - 99 - 100 - 105 - 107 - 108 - 110 - 111 - 114 - 115 - 116 - 118 - 123 - 124 - 128 - 132 - 135 - 137 - 142 - 144 - 145 - 146 - 147 - 150 - 152 - 154 - 157 - 158 - 159 - 160 - 162 - 163 - 164 - 166 - 167 - 170 - 171 - 175 - 178 - 179 - 181 - 183 - 185 - 186 - 187 - 188 - 189 - 190 - 192 - 193 - 195 - 204 - 209 - 210 - 211 - 212 - 217 - 218 - 221 - 225 - 230 - 231 - 233 - 235 - 237 - 238 - 246 - 252 - 254 - 255 - 257 - 262 - 266 - 267 - 269 - 270 - 273 - 277 - 283 - 284 - 288 - 289 - 290 - 292 - 294 - 297 - 300 - 301 - 302 - 303 - 305 - 306 - 309 - 312 - 313 - 315 - 316 - 322 - 323 - 324 - 325 - 326 - 328 - 331 - 333 - 336 - 337 - 338 - 342 - 344 - 347 - 349 - 354 - 356 - 360 - 362 - 364 - 366 - 370 - 372 - 374 - 375 - 377 - 382 - 387 - 388 - 389 - 390 - 392 - 393 - 395 - 397 - 400 - 403 - 404 - 406 - 410 - 411 - 416 - 418 - 419 - 420 - 424 - 427 - 428 - 429 - 430 - 432 - 434 - 436 - 437 - 438 - 441 - 442 - 450 - 454 - 456 - 459 - 460 - 464 - 470 - 471 - 472 - 474 - 476 - 477 - 479 - 480 - 481 - 488 - 492 - 494 - 495 - 496 - 497,10569810.1,1.6,65506,65361,44.71,Cost: 65506 & Capacity: 65361
0 - 4 - 9 - 12 - 13 - 16 - 21 - 25 - 38 - 44 - 45 - 50 - 51 - 53 - 54 - 60 - 63 - 64 - 65 - 68 - 69 - 72 - 75 - 80 - 81 - 84 - 86 - 87 - 90 - 91 - 94 - 95 - 96 - 98 - 99 - 100 - 105 - 107 - 108 - 109 - 110 - 111 - 114 - 115 - 116 - 118 - 123 - 124 - 128 - 132 - 137 - 142 - 144 - 145 - 146 - 147 - 150 - 152 - 154 - 157 - 158 - 159 - 162 - 163 - 164 - 166 - 167 - 171 - 174 - 175 - 178 - 179 - 181 - 185 - 186 - 187 - 188 - 189 - 190 - 192 - 193 - 195 - 201 - 204 - 210 - 211 - 212 - 217 - 221 - 223 - 225 - 230 - 231 - 233 - 235 - 237 - 238 - 246 - 254 - 255 - 257 - 258 - 262 - 266 - 267 - 269 - 277 - 283 - 284 - 287 - 288 - 289 - 290 - 292 - 294 - 297 - 300 - 301 - 302 - 303 - 305 - 306 - 312 - 313 - 315 - 316 - 322 - 323 - 324 - 325 - 326 - 328 - 333 - 336 - 337 - 338 - 342 - 343 - 347 - 356 - 360 - 362 - 366 - 370 - 372 - 374 - 375 - 377 - 382 - 383 - 385 - 388 - 389 - 390 - 392 - 393 - 395 - 397 - 400 - 403 - 406 - 407 - 409 - 410 - 411 - 416 - 418 - 419 - 423 - 424 - 426 - 427 - 428 - 429 - 430 - 432 - 434 - 436 - 437 - 438 - 441 - 442 - 450 - 454 - 456 - 459 - 460 - 464 - 470 - 472 - 474 - 476 - 477 - 480 - 481 - 488 - 492 - 494 - 495 - 496 - 497,10169622.5,3.7,65484,65356,44.78,Cost: 65484 & Capacity: 65356
1 - 37 - 40 - 42 - 43 - 44 - 46 - 47 - 59 - 62 - 64 - 72 - 81 - 83 - 87 - 95 - 99 - 100 - 107 - 111 - 114 - 116 - 119 - 125 - 126 - 128 - 132 - 136 - 140 - 141 - 143 - 144 - 146 - 150 - 153 - 156 - 162 - 163 - 165 - 166 - 170 - 175 - 179 - 184 - 188 - 189 - 202 - 211 - 218 - 219 - 220 - 221 - 222 - 223 - 233 - 237 - 240 - 250 - 252 - 255 - 258 - 270 - 275 - 276 - 277 - 283 - 287 - 290 - 299 - 304 - 308 - 314 - 317 - 319 - 320 - 322 - 346 - 351 - 354 - 357 - 362 - 370 - 382 - 385 - 386 - 390 - 398 - 400 - 410 - 415 - 419 - 423 - 429 - 430 - 433 - 436 - 438 - 440 - 442 - 450 - 454 - 467 - 477 - 478 - 480 - 482 - 484 - 485 - 492,3083955.7,25.1,64320,52415,48.35,Cost: 64320 & Capacity: 52415
0 - 5 - 12 - 13 - 16 - 21 - 25 - 34 - 44 - 45 - 49 - 50 - 51 - 53 - 54 - 60 - 63 - 64 - 67 - 68 - 72 - 75 - 80 - 81 - 84 - 86 - 91 - 94 - 95 - 96 - 98 - 99 - 100 - 107 - 108 - 110 - 111 - 114 - 115 - 116 - 118 - 123 - 124 - 125 - 128 - 132 - 137 - 144 - 145 - 146 - 147 - 154 - 157 - 158 - 159 - 162 - 163 - 164 - 166 - 167 - 170 - 171 - 175 - 178 - 179 - 181 - 185 - 187 - 188 - 189 - 190 - 192 - 193 - 194 - 195 - 201 - 202 - 204 - 211 - 212 - 217 - 223 - 225 - 230 - 231 - 233 - 235 - 237 - 238 - 242 - 246 - 252 - 254 - 255 - 257 - 262 - 266 - 267 - 273 - 277 - 283 - 284 - 288 - 292 - 297 - 298 - 300 - 301 - 302 - 303 - 305 - 306 - 312 - 313 - 315 - 316 - 322 - 323 - 324 - 325 - 326 - 328 - 333 - 336 - 337 - 338 - 342 - 344 - 347 - 362 - 366 - 370 - 372 - 374 - 375 - 377 - 381 - 382 - 387 - 388 - 389 - 390 - 392 - 393 - 395 - 397 - 400 - 403 - 406 - 409 - 410 - 411 - 418 - 419 - 420 - 423 - 424 - 427 - 428 - 429 - 430 - 432 - 434 - 436 - 437 - 438 - 441 - 450 - 454 - 456 - 460 - 464 - 470 - 472 - 474 - 476 - 477 - 478 - 479 - 480 - 481 - 485 - 488 - 489 - 492 - 494 - 495 - 496 - 497,9038916.4,5.0,65505,61810,51.7,Cost: 65505 & Capacity: 61810
0 - 5 - 12 - 13 - 16 - 21 - 25 - 34 - 44 - 45 - 50 - 51 - 53 - 54 - 58 - 60 - 64 - 67 - 68 - 72 - 75 - 80 - 81 - 84 - 86 - 87 - 91 - 94 - 95 - 96 - 98 - 99 - 100 - 107 - 108 - 110 - 111 - 114 - 115 - 116 - 118 - 123 - 124 - 125 - 128 - 132 - 137 - 142 - 144 - 145 - 146 - 147 - 154 - 157 - 158 - 159 - 162 - 163 - 164 - 166 - 167 - 170 - 171 - 175 - 178 - 179 - 181 - 183 - 185 - 187 - 188 - 189 - 190 - 192 - 195 - 201 - 204 - 209 - 211 - 212 - 217 - 218 - 223 - 225 - 230 - 231 - 233 - 235 - 237 - 238 - 242 - 246 - 252 - 254 - 255 - 257 - 262 - 266 - 267 - 269 - 273 - 277 - 283 - 284 - 288 - 290 - 292 - 297 - 300 - 302 - 303 - 305 - 306 - 309 - 312 - 315 - 316 - 322 - 323 - 324 - 325 - 326 - 328 - 333 - 336 - 337 - 338 - 342 - 344 - 347 - 362 - 366 - 370 - 372 - 374 - 375 - 377 - 381 - 382 - 387 - 388 - 389 - 390 - 392 - 393 - 395 - 397 - 400 - 403 - 406 - 410 - 411 - 416 - 418 - 419 - 420 - 424 - 427 - 428 - 429 - 432 - 434 - 435 - 436 - 437 - 438 - 441 - 450 - 454 - 456 - 460 - 464 - 468 - 470 - 472 - 474 - 476 - 477 - 478 - 479 - 480 - 481 - 485 - 488 - 489 - 492 - 494 - 496 - 497,9036492.3,5.8,65445,64065,51.73,Cost: 65445 & Capacity: 64065
0 - 2 - 9 - 12 - 18 - 21 - 25 - 37 - 44 - 64 - 66 - 67 - 69 - 72 - 75 - 84 - 86 - 87 - 95 - 103 - 107 - 111 - 116 - 118 - 128 - 129 - 133 - 144 - 146 - 147 - 156 - 163 - 166 - 179 - 180 - 187 - 192 - 201 - 202 - 207 - 211 - 214 - 218 - 219 - 223 - 227 - 231 - 233 - 234 - 237 - 239 - 242 - 252 - 255 - 261 - 263 - 266 - 268 - 269 - 272 - 277 - 280 - 284 - 292 - 295 - 297 - 298 - 299 - 303 - 304 - 305 - 315 - 317 - 322 - 329 - 331 - 333 - 336 - 338 - 345 - 355 - 356 - 361 - 364 - 366 - 372 - 381 - 387 - 388 - 389 - 390 - 391 - 393 - 395 - 404 - 406 - 409 - 413 - 416 - 422 - 423 - 428 - 433 - 436 - 438 - 440 - 444 - 445 - 446 - 450 - 454 - 456 - 457 - 459 - 460 - 465 - 466 - 468 - 470 - 472 - 474 - 476 - 477 - 478 - 480 - 488 - 489 - 494 - 497,4291373.3,17.7,65479,56284,52.67,Cost: 65479 & Capacity: 56284
0 - 4 - 10 - 13 - 16 - 17 - 20 - 21 - 36 - 38 - 42 - 44 - 45 - 50 - 51 - 53 - 54 - 56 - 61 - 62 - 63 - 64 - 65 - 67 - 68 - 69 - 72 - 75 - 78 - 80 - 84 - 86 - 87 - 90 - 91 - 94 - 95 - 96 - 97 - 98 - 99 - 100 - 103 - 105 - 107 - 108 - 109 - 110 - 111 - 114 - 115 - 116 - 118 - 123 - 124 - 125 - 128 - 131 - 132 - 135 - 137 - 142 - 144 - 145 - 146 - 147 - 148 - 151 - 152 - 154 - 155 - 158 - 159 - 160 - 163 - 164 - 166 - 167 - 174 - 175 - 178 - 179 - 180 - 181 - 184 - 185 - 187 - 188 - 189 - 190 - 192 - 193 - 195 - 203 - 204 - 210 - 211 - 212 - 214 - 216 - 217 - 218 - 221 - 225 - 228 - 229 - 230 - 231 - 233 - 235 - 238 - 239 - 242 - 246 - 254 - 255 - 257 - 259 - 262 - 266 - 267 - 268 - 270 - 274 - 276 - 277 - 280 - 281 - 283 - 284 - 288 - 289 - 290 - 292 - 294 - 295 - 297 - 299 - 300 - 301 - 302 - 305 - 306 - 309 - 311 - 312 - 316 - 322 - 323 - 324 - 325 - 327 - 328 - 329 - 331 - 333 - 337 - 338 - 344 - 347 - 349 - 354 - 355 - 356 - 360 - 362 - 363 - 364 - 366 - 370 - 372 - 373 - 374 - 375 - 377 - 382 - 384 - 385 - 388 - 389 - 390 - 392 - 393 - 397 - 400 - 402 - 404 - 405 - 406 - 409 - 411 - 413 - 414 - 416 - 418 - 419 - 420 - 421 - 424 - 426 - 427 - 428 - 429 - 430 - 432 - 434 - 435 - 438 - 440 - 441 - 442 - 450 - 454 - 456 - 458 - 460 - 463 - 464 - 469 - 470 - 472 - 474 - 476 - 477 - 480 - 481 - 485 - 488 - 490 - 492 - 494 - 495 - 496,13603108.6,0.0,62970,69342,52.83,Cost: 62970 & Capacity: 69342
0 - 4 - 9 - 10 - 13 - 16 - 17 - 20 - 21 - 36 - 37 - 38 - 42 - 44 - 45 - 50 - 51 - 53 - 54 - 56 - 60 - 61 - 62 - 63 - 64 - 65 - 67 - 68 - 69 - 71 - 72 - 75 - 78 - 80 - 84 - 86 - 87 - 90 - 91 - 94 - 95 - 96 - 97 - 98 - 99 - 100 - 103 - 105 - 107 - 108 - 109 - 110 - 111 - 114 - 115 - 116 - 118 - 123 - 124 - 125 - 128 - 131 - 132 - 135 - 137 - 142 - 144 - 145 - 146 - 147 - 148 - 151 - 152 - 154 - 155 - 158 - 159 - 160 - 163 - 164 - 166 - 167 - 174 - 175 - 178 - 179 - 180 - 181 - 184 - 185 - 187 - 188 - 189 - 190 - 192 - 193 - 195 - 203 - 204 - 210 - 211 - 212 - 214 - 216 - 217 - 218 - 221 - 225 - 228 - 229 - 230 - 231 - 233 - 235 - 238 - 239 - 242 - 246 - 254 - 255 - 257 - 259 - 262 - 266 - 267 - 268 - 270 - 276 - 277 - 280 - 281 - 283 - 284 - 288 - 289 - 290 - 292 - 294 - 295 - 297 - 299 - 300 - 301 - 302 - 305 - 306 - 309 - 311 - 312 - 316 - 322 - 323 - 324 - 325 - 327 - 328 - 329 - 331 - 333 - 337 - 338 - 343 - 344 - 347 - 349 - 354 - 355 - 356 - 360 - 362 - 363 - 364 - 366 - 369 - 370 - 372 - 373 - 374 - 375 - 377 - 379 - 382 - 384 - 385 - 388 - 389 - 390 - 392 - 393 - 397 - 400 - 402 - 404 - 405 - 406 - 409 - 411 - 413 - 416 - 418 - 419 - 420 - 421 - 424 - 426 - 427 - 428 - 429 - 430 - 432 - 434 - 435 - 438 - 440 - 441 - 442 - 450 - 454 - 456 - 460 - 463 - 464 - 469 - 470 - 472 - 474 - 476 - 477 - 480 - 481 - 485 - 488 - 490 - 492 - 494 - 495 - 496,14132482.5,0.0,65506,71256,54.79,Cost: 65506 & Capacity: 71256
0 - 4 - 9 - 10 - 13 - 16 - 17 - 20 - 21 - 36 - 37 - 38 - 42 - 44 - 45 - 50 - 51 - 53 - 54 - 56 - 60 - 61 - 62 - 63 - 64 - 65 - 67 - 68 - 69 - 71 - 72 - 75 - 78 - 80 - 84 - 86 - 87 - 90 - 91 - 94 - 95 - 96 - 97 - 98 - 99 - 100 - 103 - 105 - 107 - 108 - 109 - 110 - 111 - 114 - 115 - 116 - 118 - 123 - 124 - 125 - 128 - 131 - 132 - 135 - 137 - 142 - 144 - 145 - 146 - 147 - 148 - 151 - 152 - 154 - 155 - 158 - 159 - 160 - 163 - 164 - 166 - 167 - 174 - 175 - 178 - 179 - 180 - 181 - 184 - 185 - 187 - 188 - 189 - 190 - 192 - 193 - 195 - 203 - 204 - 210 - 211 - 212 - 214 - 216 - 217 - 218 - 221 - 225 - 228 - 229 - 230 - 231 - 233 - 235 - 238 - 239 - 242 - 246 - 254 - 255 - 257 - 259 - 262 - 266 - 267 - 268 - 270 - 276 - 277 - 280 - 281 - 283 - 284 - 288 - 289 - 290 - 292 - 294 - 295 - 297 - 299 - 300 - 301 - 302 - 305 - 306 - 309 - 311 - 312 - 316 - 322 - 323 - 324 - 325 - 327 - 328 - 329 - 331 - 333 - 337 - 338 - 343 - 344 - 347 - 349 - 354 - 355 - 356 - 360 - 362 - 363 - 364 - 366 - 369 - 370 - 372 - 373 - 374 - 375 - 377 - 379 - 382 - 384 - 385 - 388 - 389 - 390 - 392 - 393 - 397 - 400 - 402 - 404 - 405 - 406 - 409 - 411 - 413 - 416 - 418 - 419 - 420 - 421 - 424 - 426 - 427 - 428 - 429 - 430 - 432 - 434 - 435 - 438 - 440 - 441 - 442 - 450 - 454 - 456 - 460 - 463 - 464 - 469 - 470 - 472 - 474 - 476 - 477 - 480 - 481 - 485 - 488 - 490 - 492 - 494 - 495 - 496,14132482.5,0.0,65506,71256,55.79,Cost: 65506 & Capacity: 71256
0 - 4 - 9 - 13 - 16 - 17 - 20 - 21 - 36 - 37 - 38 - 42 - 44 - 45 - 50 - 51 - 53 - 54 - 56 - 60 - 61 - 62 - 63 - 64 - 65 - 67 - 68 - 69 - 71 - 72 - 75 - 78 - 80 - 84 - 86 - 87 - 90 - 91 - 94 - 95 - 96 - 97 - 98 - 99 - 100 - 103 - 105 - 107 - 108 - 109 - 110 - 111 - 114 - 115 - 116 - 118 - 123 - 124 - 125 - 128 - 131 - 132 - 135 - 137 - 142 - 144 - 145 - 146 - 147 - 148 - 150 - 151 - 152 - 154 - 155 - 158 - 159 - 160 - 163 - 164 - 166 - 167 - 174 - 175 - 178 - 179 - 180 - 181 - 184 - 185 - 187 - 188 - 189 - 190 - 192 - 193 - 195 - 203 - 204 - 210 - 211 - 212 - 214 - 216 - 217 - 218 - 221 - 225 - 228 - 229 - 230 - 231 - 233 - 235 - 238 - 242 - 246 - 254 - 255 - 257 - 259 - 262 - 266 - 267 - 268 - 270 - 274 - 276 - 277 - 280 - 281 - 283 - 284 - 288 - 289 - 290 - 292 - 294 - 295 - 297 - 299 - 300 - 301 - 302 - 305 - 306 - 309 - 311 - 312 - 316 - 322 - 323 - 324 - 325 - 327 - 328 - 329 - 331 - 333 - 337 - 338 - 343 - 344 - 347 - 349 - 354 - 355 - 356 - 360 - 362 - 363 - 364 - 366 - 369 - 370 - 372 - 373 - 374 - 375 - 377 - 379 - 382 - 384 - 385 - 388 - 389 - 390 - 392 - 393 - 397 - 400 - 402 - 404 - 405 - 406 - 409 - 411 - 413 - 416 - 418 - 419 - 420 - 421 - 424 - 426 - 427 - 428 - 429 - 430 - 432 - 434 - 435 - 438 - 440 - 441 - 442 - 450 - 454 - 456 - 460 - 463 - 464 - 469 - 470 - 472 - 474 - 476 - 477 - 480 - 481 - 485 - 488 - 490 - 492 - 494 - 495 - 496,14137027.9,0.0,65488,71287,59.41,Cost: 65488 & Capacity: 71287
0 - 4 - 9 - 10 - 13 - 16 - 17 - 20 - 21 - 36 - 37 - 38 - 42 - 44 - 45 - 50 - 51 - 53 - 54 - 56 - 60 - 61 - 62 - 63 - 64 - 65 - 67 - 68 - 69 - 71 - 72 - 75 - 78 - 80 - 84 - 86 - 87 - 90 - 91 - 94 - 95 - 96 - 97 - 98 - 99 - 100 - 103 - 105 - 107 - 108 - 109 - 110 - 111 - 114 - 115 - 116 - 118 - 123 - 124 - 125 - 128 - 131 - 132 - 135 - 137 - 142 - 144 - 145 - 146 - 147 - 148 - 151 - 152 - 154 - 155 - 158 - 159 - 160 - 163 - 164 - 166 - 167 - 174 - 175 - 178 - 179 - 180 - 181 - 184 - 185 - 187 - 188 - 189 - 190 - 192 - 193 - 195 - 203 - 204 - 210 - 211 - 212 - 214 - 216 - 217 - 218 - 221 - 225 - 228 - 229 - 230 - 231 - 233 - 235 - 238 - 239 - 242 - 246 - 254 - 255 - 257 - 259 - 262 - 266 - 267 - 268 - 270 - 276 - 277 - 280 - 281 - 283 - 284 - 288 - 289 - 290 - 292 - 294 - 295 - 297 - 299 - 300 - 301 - 302 - 305 - 306 - 309 - 311 - 312 - 316 - 322 - 323 - 324 - 325 - 327 - 328 - 329 - 331 - 333 - 337 - 338 - 343 - 344 - 347 - 349 - 354 - 355 - 356 - 360 - 362 - 363 - 364 - 366 - 369 - 370 - 372 - 373 - 374 - 375 - 377 - 379 - 382 - 384 - 385 - 388 - 389 - 390 - 392 - 393 - 397 - 400 - 402 - 404 - 405 - 406 - 409 - 411 - 413 - 416 - 418 - 419 - 420 - 421 - 424 - 426 - 427 - 428 - 429 - 430 - 432 - 434 - 435 - 438 - 440 - 441 - 442 - 450 - 454 - 456 - 460 - 463 - 464 - 469 - 470 - 472 - 474 - 476 - 477 - 480 - 481 - 485 - 488 - 490 - 492 - 494 - 495 - 496,14132482.5,0.0,65506,71256,63.11,Cost: 65506 & Capacity: 71256
0 - 4 - 9 - 13 - 16 - 21 - 36 - 37 - 42 - 44 - 45 - 50 - 51 - 53 - 54 - 56 - 61 - 62 - 63 - 64 - 67 - 68 - 69 - 72 - 75 - 80 - 84 - 86 - 87 - 90 - 91 - 94 - 95 - 99 - 100 - 105 - 107 - 108 - 109 - 110 - 111 - 114 - 115 - 116 - 118 - 123 - 124 - 125 - 128 - 129 - 131 - 132 - 136 - 137 - 139 - 142 - 144 - 145 - 146 - 147 - 148 - 156 - 158 - 159 - 160 - 161 - 163 - 164 - 165 - 166 - 167 - 175 - 179 - 181 - 183 - 184 - 185 - 186 - 188 - 189 - 190 - 192 - 193 - 195 - 201 - 203 - 204 - 210 - 212 - 217 - 218 - 221 - 223 - 225 - 229 - 230 - 231 - 233 - 235 - 238 - 239 - 241 - 242 - 246 - 247 - 248 - 250 - 254 - 255 - 257 - 259 - 262 - 266 - 267 - 270 - 274 - 277 - 280 - 281 - 283 - 284 - 288 - 289 - 290 - 292 - 294 - 297 - 300 - 301 - 303 - 305 - 306 - 309 - 312 - 315 - 316 - 321 - 322 - 323 - 324 - 325 - 328 - 331 - 333 - 334 - 335 - 337 - 338 - 342 - 347 - 349 - 354 - 355 - 356 - 358 - 360 - 362 - 364 - 369 - 370 - 372 - 373 - 374 - 375 - 377 - 382 - 383 - 388 - 389 - 390 - 392 - 393 - 397 - 400 - 404 - 405 - 406 - 411 - 413 - 414 - 416 - 418 - 419 - 420 - 421 - 423 - 424 - 426 - 427 - 428 - 429 - 430 - 432 - 434 - 438 - 440 - 441 - 442 - 450 - 454 - 460 - 464 - 468 - 469 - 470 - 472 - 474 - 476 - 477 - 480 - 481 - 488 - 492 - 494 - 495 - 496 - 499,11864303.5,0.6,65504,78021,63.85,Cost: 65504 & Capacity: 78021
0 - 4 - 12 - 13 - 28 - 35 - 43 - 44 - 49 - 50 - 60 - 64 - 65 - 67 - 68 - 69 - 72 - 74 - 75 - 77 - 80 - 86 - 91 - 94 - 95 - 96 - 99 - 101 - 103 - 107 - 110 - 111 - 118 - 128 - 132 - 133 - 137 - 144 - 146 - 147 - 149 - 158 - 159 - 160 - 162 - 164 - 166 - 171 - 172 - 174 - 175 - 179 - 184 - 185 - 195 - 198 - 202 - 203 - 217 - 223 - 225 - 229 - 230 - 231 - 233 - 235 - 244 - 246 - 248 - 254 - 255 - 256 - 257 - 260 - 262 - 266 - 267 - 272 - 273 - 277 - 279 - 282 - 284 - 287 - 288 - 292 - 294 - 297 - 300 - 302 - 306 - 311 - 312 - 321 - 322 - 323 - 324 - 325 - 326 - 327 - 328 - 329 - 330 - 333 - 336 - 337 - 338 - 342 - 343 - 344 - 347 - 352 - 355 - 366 - 374 - 381 - 382 - 387 - 388 - 392 - 393 - 395 - 397 - 400 - 401 - 409 - 411 - 416 - 422 - 423 - 428 - 429 - 430 - 434 - 437 - 438 - 442 - 459 - 460 - 463 - 464 - 465 - 467 - 470 - 472 - 473 - 474 - 476 - 477 - 479 - 480 - 481 - 485 - 492 - 494 - 495 - 496,6310557.0,9.4,65385,59342,65.78,Cost: 65385 & Capacity: 59342
0 - 4 - 9 - 13 - 16 - 17 - 20 - 21 - 36 - 37 - 38 - 42 - 44 - 45 - 50 - 51 - 53 - 54 - 56 - 60 - 61 - 62 - 63 - 64 - 65 - 67 - 68 - 69 - 71 - 72 - 75 - 78 - 80 - 84 - 86 - 87 - 90 - 91 - 94 - 95 - 96 - 97 - 98 - 99 - 100 - 103 - 105 - 107 - 108 - 109 - 110 - 111 - 114 - 115 - 116 - 118 - 123 - 124 - 125 - 128 - 131 - 132 - 135 - 137 - 142 - 144 - 145 - 146 - 147 - 148 - 150 - 151 - 152 - 154 - 155 - 158 - 159 - 160 - 163 - 164 - 166 - 167 - 174 - 175 - 178 - 179 - 180 - 181 - 184 - 185 - 187 - 188 - 189 - 190 - 192 - 193 - 195 - 203 - 204 - 210 - 211 - 212 - 214 - 216 - 217 - 218 - 221 - 225 - 228 - 229 - 230 - 231 - 233 - 235 - 238 - 242 - 246 - 254 - 255 - 257 - 259 - 262 - 266 - 267 - 268 - 270 - 274 - 276 - 277 - 280 - 281 - 283 - 284 - 288 - 289 - 290 - 292 - 294 - 295 - 297 - 299 - 300 - 301 - 302 - 305 - 306 - 309 - 311 - 312 - 316 - 322 - 323 - 324 - 325 - 327 - 328 - 329 - 331 - 333 - 337 - 338 - 343 - 344 - 347 - 349 - 354 - 355 - 356 - 360 - 362 - 363 - 364 - 366 - 369 - 370 - 372 - 373 - 374 - 375 - 377 - 379 - 382 - 384 - 385 - 388 - 389 - 390 - 392 - 393 - 397 - 400 - 402 - 404 - 405 - 406 - 409 - 411 - 413 - 416 - 418 - 419 - 420 - 421 - 424 - 426 - 427 - 428 - 429 - 430 - 432 - 434 - 435 - 438 - 440 - 441 - 442 - 450 - 454 - 456 - 460 - 463 - 464 - 469 - 470 - 472 - 474 - 476 - 477 - 480 - 481 - 485 - 488 - 490 - 492 - 494 - 495 - 496,14137027.9,0.0,65488,71287,66.01,Cost: 65488 & Capacity: 71287
0 - 4 - 9 - 10 - 13 - 16 - 17 - 20 - 21 - 36 - 37 - 38 - 42 - 44 - 45 - 50 - 51 - 53 - 54 - 56 - 60 - 61 - 62 - 63 - 64 - 65 - 67 - 68 - 69 - 71 - 72 - 75 - 78 - 80 - 84 - 86 - 87 - 90 - 91 - 94 - 95 - 96 - 97 - 98 - 99 - 100 - 103 - 105 - 107 - 108 - 109 - 110 - 111 - 114 - 115 - 116 - 118 - 123 - 124 - 125 - 128 - 131 - 132 - 135 - 137 - 142 - 144 - 145 - 146 - 147 - 148 - 151 - 152 - 154 - 155 - 158 - 159 - 160 - 163 - 164 - 166 - 167 - 174 - 175 - 178 - 179 - 180 - 181 - 184 - 185 - 187 - 188 - 189 - 190 - 192 - 193 - 195 - 203 - 204 - 210 - 211 - 212 - 214 - 216 - 217 - 218 - 221 - 225 - 228 - 229 - 230 - 231 - 233 - 235 - 238 - 239 - 242 - 246 - 254 - 255 - 257 - 259 - 262 - 266 - 267 - 268 - 270 - 276 - 277 - 280 - 281 - 283 - 284 - 288 - 289 - 290 - 292 - 294 - 295 - 297 - 299 - 300 - 301 - 302 - 305 - 306 - 309 - 311 - 312 - 316 - 322 - 323 - 324 - 325 - 327 - 328 - 329 - 331 - 333 - 337 - 338 - 343 - 344 - 347 - 349 - 354 - 355 - 356 - 360 - 362 - 363 - 364 - 366 - 369 - 370 - 372 - 373 - 374 - 375 - 377 - 379 - 382 - 384 - 385 - 388 - 389 - 390 - 392 - 393 - 397 - 400 - 402 - 404 - 405 - 406 - 409 - 411 - 413 - 416 - 418 - 419 - 420 - 421 - 424 - 426 - 427 - 428 - 429 - 430 - 432 - 434 - 435 - 438 - 440 - 441 - 442 - 450 - 454 - 456 - 460 - 463 - 464 - 469 - 470 - 472 - 474 - 476 - 477 - 480 - 481 - 485 - 488 - 490 - 492 - 494 - 495 - 496,14132482.5,0.0,65506,71256,68.52,Cost: 65506 & Capacity: 71256
0 - 4 - 10 - 13 - 16 - 17 - 20 - 21 - 36 - 38 - 42 - 44 - 45 - 50 - 51 - 53 - 54 - 56 - 61 - 62 - 63 - 64 - 65 - 67 - 68 - 69 - 72 - 75 - 78 - 80 - 84 - 86 - 87 - 90 - 91 - 94 - 95 - 96 - 97 - 98 - 99 - 100 - 103 - 105 - 107 - 108 - 109 - 110 - 111 - 114 - 115 - 116 - 118 - 123 - 124 - 125 - 128 - 131 - 132 - 135 - 137 - 142 - 144 - 145 - 146 - 147 - 148 - 151 - 152 - 154 - 155 - 158 - 159 - 160 - 163 - 164 - 166 - 167 - 174 - 175 - 178 - 179 - 180 - 181 - 184 - 185 - 187 - 188 - 189 - 190 - 192 - 193 - 195 - 203 - 204 - 210 - 211 - 212 - 214 - 216 - 217 - 218 - 221 - 225 - 228 - 229 - 230 - 231 - 233 - 235 - 238 - 239 - 242 - 246 - 254 - 255 - 257 - 259 - 262 - 266 - 267 - 268 - 270 - 274 - 276 - 277 - 280 - 281 - 283 - 284 - 288 - 289 - 290 - 292 - 294 - 295 - 297 - 299 - 300 - 301 - 302 - 305 - 306 - 309 - 311 - 312 - 316 - 322 - 323 - 324 - 325 - 327 - 328 - 329 - 331 - 333 - 337 - 338 - 344 - 347 - 349 - 354 - 355 - 356 - 360 - 362 - 363 - 364 - 366 - 370 - 372 - 373 - 374 - 375 - 377 - 382 - 384 - 385 - 388 - 389 - 390 - 392 - 393 - 397 - 400 - 402 - 404 - 405 - 406 - 409 - 411 - 413 - 414 - 416 - 418 - 419 - 420 - 421 - 424 - 426 - 427 - 428 - 429 - 430 - 432 - 434 - 435 - 438 - 440 - 441 - 442 - 450 - 454 - 456 - 458 - 460 - 463 - 464 - 469 - 470 - 472 - 474 - 476 - 477 - 480 - 481 - 485 - 488 - 490 - 492 - 494 - 495 - 496,13603108.6,0.0,62970,69342,69.3,Cost: 62970 & Capacity: 69342
0 - 4 - 9 - 10 - 13 - 16 - 17 - 20 - 21 - 36 - 37 - 38 - 42 - 44 - 45 - 50 - 51 - 53 - 54 - 56 - 60 - 61 - 62 - 63 - 64 - 65 - 67 - 68 - 69 - 71 - 72 - 75 - 78 - 80 - 84 - 86 - 87 - 90 - 91 - 94 - 95 - 96 - 97 - 98 - 99 - 100 - 103 - 105 - 107 - 108 - 109 - 110 - 111 - 114 - 115 - 116 - 118 - 123 - 124 - 125 - 128 - 131 - 132 - 135 - 137 - 142 - 144 - 145 - 146 - 147 - 148 - 151 - 152 - 154 - 155 - 158 - 159 - 160 - 163 - 164 - 166 - 167 - 174 - 175 - 178 - 179 - 180 - 181 - 184 - 185 - 187 - 188 - 189 - 190 - 192 - 193 - 195 - 203 - 204 - 210 - 211 - 212 - 214 - 216 - 217 - 218 - 221 - 225 - 228 - 229 - 230 - 231 - 233 - 235 - 238 - 239 - 242 - 246 - 254 - 255 - 257 - 259 - 262 - 266 - 267 - 268 - 270 - 276 - 277 - 280 - 281 - 283 - 284 - 288 - 289 - 290 - 292 - 294 - 295 - 297 - 299 - 300 - 301 - 302 - 305 - 306 - 309 - 311 - 312 - 316 - 322 - 323 - 324 - 325 - 327 - 328 - 329 - 331 - 333 - 337 - 338 - 343 - 344 - 347 - 349 - 354 - 355 - 356 - 360 - 362 - 363 - 364 - 366 - 369 - 370 - 372 - 373 - 374 - 375 - 377 - 379 - 382 - 384 - 385 - 388 - 389 - 390 - 392 - 393 - 397 - 400 - 402 - 404 - 405 - 406 - 409 - 411 - 413 - 416 - 418 - 419 - 420 - 421 - 424 - 426 - 427 - 428 - 429 - 430 - 432 - 434 - 435 - 438 - 440 - 441 - 442 - 450 - 454 - 456 - 460 - 463 - 464 - 469 - 470 - 472 - 474 - 476 - 477 - 480 - 481 - 485 - 488 - 490 - 492 - 494 - 495 - 496,14132482.5,0.0,65506,71256,69.77,Cost: 65506 & Capacity: 71256
0 - 4 - 9 - 10 - 13 - 16 - 17 - 20 - 21 - 36 - 37 - 38 - 42 - 44 - 45 - 50 - 51 - 53 - 54 - 56 - 60 - 61 - 62 - 63 - 64 - 65 - 67 - 68 - 69 - 71 - 72 - 75 - 78 - 80 - 84 - 86 - 87 - 90 - 91 - 94 - 95 - 96 - 97 - 98 - 99 - 100 - 103 - 105 - 107 - 108 - 109 - 110 - 111 - 114 - 115 - 116 - 118 - 123 - 124 - 125 - 128 - 131 - 132 - 135 - 137 - 142 - 144 - 145 - 146 - 147 - 148 - 151 - 152 - 154 - 155 - 158 - 159 - 160 - 163 - 164 - 166 - 167 - 174 - 175 - 178 - 179 - 180 - 181 - 184 - 185 - 187 - 188 - 189 - 190 - 192 - 193 - 195 - 203 - 204 - 210 - 211 - 212 - 214 - 216 - 217 - 218 - 221 - 225 - 228 - 229 - 230 - 231 - 233 - 235 - 238 - 239 - 242 - 246 - 254 - 255 - 257 - 259 - 262 - 266 - 267 - 268 - 270 - 276 - 277 - 280 - 281 - 283 - 284 - 288 - 289 - 290 - 292 - 294 - 295 - 297 - 299 - 300 - 301 - 302 - 305 - 306 - 309 - 311 - 312 - 316 - 322 - 323 - 324 - 325 - 327 - 328 - 329 - 331 - 333 - 337 - 338 - 343 - 344 - 347 - 349 - 354 - 355 - 356 - 360 - 362 - 363 - 364 - 366 - 369 - 370 - 372 - 373 - 374 - 375 - 377 - 379 - 382 - 384 - 385 - 388 - 389 - 390 - 392 - 393 - 397 - 400 - 402 - 404 - 405 - 406 - 409 - 411 - 413 - 416 - 418 - 419 - 420 - 421 - 424 - 426 - 427 - 428 - 429 - 430 - 432 - 434 - 435 - 438 - 440 - 441 - 442 - 450 - 454 - 456 - 460 - 463 - 464 - 469 - 470 - 472 - 474 - 476 - 477 - 480 - 481 - 485 - 488 - 490 - 492 - 494 - 495 - 496,14132482.5,0.0,65506,71256,70.45,Cost: 65506 & Capacity: 71256
0 - 4 - 9 - 10 - 13 - 16 - 17 - 20 - 21 - 36 - 38 - 42 - 44 - 45 - 50 - 51 - 53 - 54 - 56 - 61 - 62 - 63 - 64 - 65 - 67 - 68 - 69 - 72 - 75 - 78 - 80 - 84 - 86 - 87 - 90 - 91 - 94 - 95 - 96 - 97 - 98 - 99 - 100 - 103 - 105 - 107 - 108 - 109 - 110 - 111 - 114 - 115 - 116 - 118 - 123 - 124 - 125 - 128 - 131 - 132 - 135 - 137 - 142 - 144 - 145 - 146 - 147 - 148 - 150 - 151 - 152 - 154 - 155 - 158 - 159 - 160 - 163 - 164 - 166 - 167 - 174 - 175 - 178 - 179 - 180 - 181 - 184 - 185 - 187 - 188 - 189 - 190 - 192 - 193 - 195 - 203 - 204 - 210 - 211 - 212 - 214 - 216 - 217 - 218 - 221 - 225 - 228 - 229 - 230 - 231 - 233 - 235 - 238 - 239 - 242 - 246 - 254 - 255 - 257 - 259 - 262 - 266 - 267 - 268 - 270 - 274 - 276 - 277 - 280 - 281 - 283 - 284 - 288 - 289 - 290 - 292 - 294 - 295 - 297 - 299 - 300 - 301 - 302 - 305 - 306 - 309 - 311 - 312 - 316 - 322 - 323 - 324 - 325 - 327 - 328 - 329 - 331 - 333 - 337 - 338 - 344 - 347 - 349 - 354 - 355 - 356 - 360 - 362 - 363 - 364 - 366 - 370 - 372 - 373 - 374 - 375 - 377 - 379 - 382 - 384 - 385 - 388 - 389 - 390 - 392 - 393 - 397 - 400 - 402 - 404 - 405 - 406 - 409 - 411 - 413 - 414 - 416 - 418 - 419 - 420 - 421 - 424 - 426 - 427 - 428 - 429 - 430 - 432 - 434 - 435 - 438 - 440 - 441 - 442 - 450 - 454 - 456 - 458 - 460 - 463 - 464 - 469 - 470 - 472 - 474 - 476 - 477 - 480 - 481 - 485 - 488 - 490 - 492 - 494 - 495 - 496,13960185.6,0.0,64647,70660,70.98,Cost: 64647 & Capacity: 70660
0 - 4 - 9 - 10 - 13 - 16 - 17 - 20 - 21 - 36 - 37 - 38 - 42 - 44 - 45 - 50 - 51 - 53 - 54 - 56 - 60 - 61 - 62 - 63 - 64 - 65 - 67 - 68 - 69 - 71 - 72 - 75 - 78 - 80 - 84 - 86 - 87 - 90 - 91 - 94 - 95 - 96 - 97 - 98 - 99 - 100 - 103 - 105 - 107 - 108 - 109 - 110 - 111 - 114 - 115 - 116 - 118 - 123 - 124 - 125 - 128 - 131 - 132 - 135 - 137 - 142 - 144 - 145 - 146 - 147 - 148 - 151 - 152 - 154 - 155 - 158 - 159 - 160 - 163 - 164 - 166 - 167 - 174 - 175 - 178 - 179 - 180 - 181 - 184 - 185 - 187 - 188 - 189 - 190 - 192 - 193 - 195 - 203 - 204 - 210 - 211 - 212 - 214 - 216 - 217 - 218 - 221 - 225 - 228 - 229 - 230 - 231 - 233 - 235 - 238 - 239 - 242 - 246 - 254 - 255 - 257 - 259 - 262 - 266 - 267 - 268 - 270 - 276 - 277 - 280 - 281 - 283 - 284 - 288 - 289 - 290 - 292 - 294 - 295 - 297 - 299 - 300 - 301 - 302 - 305 - 306 - 309 - 311 - 312 - 316 - 322 - 323 - 324 - 325 - 327 - 328 - 329 - 331 - 333 - 337 - 338 - 343 - 344 - 347 - 349 - 354 - 355 - 356 - 360 - 362 - 363 - 364 - 366 - 369 - 370 - 372 - 373 - 374 - 375 - 377 - 379 - 382 - 384 - 385 - 388 - 389 - 390 - 392 - 393 - 397 - 400 - 402 - 404 - 405 - 406 - 409 - 411 - 413 - 416 - 418 - 419 - 420 - 421 - 424 - 426 - 427 - 428 - 429 - 430 - 432 - 434 - 435 - 438 - 440 - 441 - 442 - 450 - 454 - 456 - 460 - 463 - 464 - 469 - 470 - 472 - 474 - 476 - 477 - 480 - 481 - 485 - 488 - 490 - 492 - 494 - 495 - 496,14132482.5,0.0,65506,71256,71.11,Cost: 65506 & Capacity: 71256
0 - 4 - 9 - 13 - 16 - 17 - 20 - 21 - 36 - 37 - 38 - 42 - 44 - 45 - 50 - 51 - 53 - 54 - 56 - 60 - 61 - 62 - 63 - 64 - 65 - 67 - 68 - 69 - 71 - 72 - 75 - 78 - 80 - 84 - 86 - 87 - 90 - 91 - 94 - 95 - 96 - 97 - 98 - 99 - 100 - 103 - 105 - 107 - 108 - 109 - 110 - 111 - 114 - 115 - 116 - 118 - 123 - 124 - 125 - 128 - 131 - 132 - 135 - 137 - 142 - 144 - 145 - 146 - 147 - 148 - 150 - 151 - 152 - 154 - 155 - 158 - 159 - 160 - 163 - 164 - 166 - 167 - 174 - 175 - 178 - 179 - 180 - 181 - 184 - 185 - 187 - 188 - 189 - 190 - 192 - 193 - 195 - 203 - 204 - 210 - 211 - 212 - 214 - 216 - 217 - 218 - 221 - 225 - 228 - 229 - 230 - 231 - 233 - 235 - 238 - 242 - 246 - 254 - 255 - 257 - 259 - 262 - 266 - 267 - 268 - 270 - 274 - 276 - 277 - 280 - 281 - 283 - 284 - 288 - 289 - 290 - 292 - 294 - 295 - 297 - 299 - 300 - 301 - 302 - 305 - 306 - 309 - 311 - 312 - 316 - 318 - 322 - 323 - 324 - 325 - 327 - 328 - 329 - 331 - 333 - 337 - 338 - 343 - 344 - 347 - 349 - 354 - 355 - 356 - 360 - 362 - 363 - 364 - 366 - 370 - 372 - 373 - 374 - 375 - 377 - 379 - 382 - 384 - 385 - 388 - 389 - 390 - 392 - 393 - 397 - 400 - 402 - 404 - 405 - 406 - 409 - 411 - 413 - 416 - 418 - 419 - 420 - 421 - 424 - 426 - 427 - 428 - 429 - 430 - 432 - 434 - 435 - 438 - 440 - 441 - 442 - 450 - 454 - 456 - 460 - 463 - 464 - 469 - 470 - 472 - 474 - 476 - 477 - 480 - 481 - 485 - 488 - 490 - 492 - 494 - 495 - 496,14125978.2,0.0,65506,70673,72.11,Cost: 65506 & Capacity: 70673
0 - 9 - 21 - 25 - 28 - 36 - 37 - 44 - 45 - 47 - 53 - 64 - 67 - 68 - 71 - 72 - 74 - 75 - 77 - 80 - 81 - 84 - 95 - 100 - 103 - 105 - 107 - 110 - 111 - 118 - 127 - 128 - 139 - 144 - 146 - 147 - 149 - 154 - 155 - 158 - 159 - 160 - 163 - 166 - 167 - 179 - 180 - 187 - 189 - 190 - 192 - 197 - 199 - 210 - 217 - 218 - 222 - 223 - 227 - 232 - 233 - 234 - 235 - 239 - 242 - 246 - 247 - 248 - 252 - 255 - 268 - 269 - 272 - 274 - 277 - 284 - 290 - 295 - 297 - 298 - 302 - 303 - 307 - 312 - 316 - 321 - 322 - 327 - 328 - 330 - 331 - 333 - 338 - 341 - 343 - 344 - 347 - 349 - 355 - 356 - 361 - 363 - 366 - 368 - 369 - 371 - 372 - 374 - 376 - 384 - 387 - 388 - 392 - 393 - 395 - 397 - 404 - 407 - 411 - 413 - 414 - 415 - 422 - 423 - 427 - 432 - 436 - 445 - 446 - 454 - 456 - 459 - 460 - 464 - 465 - 470 - 472 - 473 - 476 - 477 - 478 - 485 - 488 - 489 - 494,5391202.1,14.8,65449,58291,72.53,Cost: 65449 & Capacity: 58291
0 - 9 - 15 - 18 - 25 - 28 - 36 - 37 - 44 - 45 - 47 - 53 - 64 - 67 - 68 - 72 - 74 - 75 - 77 - 80 - 81 - 84 - 95 - 100 - 103 - 105 - 107 - 110 - 111 - 118 - 120 - 128 - 139 - 144 - 146 - 149 - 154 - 155 - 158 - 159 - 160 - 163 - 166 - 179 - 180 - 187 - 189 - 190 - 192 - 197 - 199 - 202 - 210 - 217 - 218 - 223 - 227 - 232 - 233 - 234 - 235 - 239 - 242 - 246 - 247 - 248 - 252 - 255 - 268 - 269 - 272 - 274 - 277 - 284 - 287 - 290 - 295 - 297 - 303 - 307 - 312 - 316 - 321 - 322 - 327 - 328 - 330 - 331 - 333 - 336 - 338 - 341 - 343 - 344 - 347 - 349 - 355 - 356 - 361 - 366 - 367 - 368 - 369 - 372 - 374 - 376 - 384 - 387 - 388 - 392 - 393 - 397 - 404 - 407 - 411 - 413 - 414 - 415 - 423 - 427 - 432 - 436 - 437 - 440 - 446 - 454 - 456 - 459 - 460 - 464 - 465 - 470 - 472 - 473 - 476 - 477 - 478 - 485 - 488 - 489 - 494,5097670.5,15.1,65388,59370,72.57,Cost: 65388 & Capacity: 59370
0 - 4 - 9 - 10 - 13 - 16 - 17 - 20 - 21 - 36 - 37 - 38 - 42 - 44 - 45 - 50 - 51 - 53 - 54 - 56 - 60 - 61 - 62 - 63 - 64 - 65 - 67 - 68 - 69 - 71 - 72 - 75 - 78 - 80 - 84 - 86 - 87 - 90 - 91 - 94 - 95 - 96 - 97 - 98 - 99 - 100 - 103 - 105 - 107 - 108 - 109 - 110 - 111 - 114 - 115 - 116 - 118 - 123 - 124 - 125 - 128 - 131 - 132 - 135 - 137 - 142 - 144 - 145 - 146 - 147 - 148 - 151 - 152 - 154 - 155 - 158 - 159 - 160 - 163 - 164 - 166 - 167 - 174 - 175 - 178 - 179 - 180 - 181 - 184 - 185 - 187 - 188 - 189 - 190 - 192 - 193 - 195 - 203 - 204 - 210 - 211 - 212 - 214 - 216 - 217 - 218 - 221 - 225 - 228 - 229 - 230 - 231 - 233 - 235 - 238 - 239 - 242 - 246 - 254 - 255 - 257 - 259 - 262 - 266 - 267 - 268 - 270 - 276 - 277 - 280 - 281 - 283 - 284 - 288 - 289 - 290 - 292 - 294 - 295 - 297 - 299 - 300 - 301 - 302 - 305 - 306 - 309 - 311 - 312 - 316 - 322 - 323 - 324 - 325 - 327 - 328 - 329 - 331 - 333 - 337 - 338 - 343 - 344 - 347 - 349 - 354 - 355 - 356 - 360 - 362 - 363 - 364 - 366 - 369 - 370 - 372 - 373 - 374 - 375 - 377 - 379 - 382 - 384 - 385 - 388 - 389 - 390 - 392 - 393 - 397 - 400 - 402 - 404 - 405 - 406 - 409 - 411 - 413 - 416 - 418 - 419 - 420 - 421 - 424 - 426 - 427 - 428 - 429 - 430 - 432 - 434 - 435 - 438 - 440 - 441 - 442 - 450 - 454 - 456 - 460 - 463 - 464 - 469 - 470 - 472 - 474 - 476 - 477 - 480 - 481 - 485 - 488 - 490 - 492 - 494 - 495 - 496,14132482.5,0.0,65506,71256,75.18,Cost: 65506 & Capacity: 71256
0 - 2 - 5 - 18 - 23 - 32 - 36 - 38 - 47 - 53 - 64 - 73 - 75 - 83 - 84 - 90 - 91 - 97 - 104 - 111 - 112 - 115 - 125 - 134 - 137 - 146 - 153 - 157 - 166 - 173 - 200 - 202 - 213 - 216 - 217 - 218 - 224 - 237 - 252 - 255 - 256 - 266 - 268 - 269 - 275 - 277 - 280 - 282 - 298 - 308 - 319 - 320 - 335 - 337 - 345 - 349 - 352 - 354 - 355 - 357 - 360 - 365 - 369 - 372 - 373 - 381 - 383 - 401 - 405 - 407 - 410 - 414 - 423 - 425 - 432 - 437 - 439 - 440 - 441 - 443 - 444 - 447 - 448 - 449 - 455 - 464 - 470 - 476 - 489 - 494 - 497 - 499,2191707.9,32.1,62964,51981,75.4,Cost: 62964 & Capacity: 51981
0 - 2 - 5 - 18 - 23 - 32 - 36 - 38 - 47 - 53 - 64 - 73 - 75 - 83 - 84 - 90 - 91 - 97 - 104 - 111 - 112 - 115 - 125 - 134 - 137 - 146 - 153 - 157 - 166 - 169 - 173 - 200 - 202 - 213 - 216 - 217 - 218 - 224 - 237 - 252 - 255 - 256 - 261 - 266 - 268 - 269 - 275 - 277 - 280 - 282 - 294 - 298 - 308 - 319 - 320 - 335 - 337 - 345 - 349 - 352 - 354 - 355 - 357 - 360 - 365 - 369 - 372 - 373 - 381 - 383 - 401 - 405 - 407 - 410 - 414 - 423 - 425 - 432 - 437 - 439 - 440 - 441 - 443 - 444 - 447 - 448 - 449 - 455 - 464 - 470 - 476 - 489 - 494 - 497 - 499,2329754.7,31.5,65027,53288,75.4,Cost: 65027 & Capacity: 53288
0 - 2 - 5 - 18 - 23 - 32 - 36 - 38 - 47 - 53 - 64 - 73 - 75 - 83 - 84 - 90 - 91 - 97 - 104 - 111 - 112 - 115 - 125 - 134 - 137 - 146 - 153 - 157 - 166 - 169 - 173 - 200 - 202 - 213 - 216 - 217 - 218 - 224 - 237 - 252 - 255 - 256 - 261 - 266 - 268 - 269 - 275 - 277 - 280 - 282 - 294 - 298 - 308 - 319 - 320 - 335 - 337 - 345 - 349 - 352 - 354 - 355 - 357 - 360 - 364 - 365 - 369 - 372 - 373 - 381 - 383 - 401 - 405 - 407 - 410 - 414 - 423 - 425 - 432 - 437 - 439 - 440 - 441 - 443 - 444 - 447 - 448 - 449 - 455 - 464 - 470 - 476 - 489 - 494 - 497 - 499,2374163.2,31.2,65307,53463,75.4,Cost: 65307 & Capacity: 53463
0 - 4 - 9 - 13 - 16 - 17 - 20 - 21 - 36 - 38 - 42 - 44 - 45 - 50 - 51 - 53 - 54 - 56 - 60 - 61 - 62 - 63 - 64 - 65 - 67 - 68 - 69 - 71 - 72 - 75 - 78 - 80 - 84 - 86 - 87 - 90 - 91 - 94 - 95 - 96 - 97 - 98 - 99 - 100 - 103 - 105 - 107 - 108 - 109 - 110 - 111 - 114 - 115 - 116 - 118 - 123 - 124 - 125 - 128 - 131 - 132 - 135 - 137 - 142 - 144 - 145 - 146 - 147 - 148 - 150 - 151 - 152 - 154 - 155 - 158 - 159 - 160 - 163 - 164 - 166 - 167 - 174 - 175 - 178 - 179 - 180 - 181 - 184 - 185 - 187 - 188 - 189 - 190 - 192 - 193 - 195 - 203 - 204 - 210 - 211 - 212 - 214 - 216 - 217 - 218 - 221 - 225 - 228 - 229 - 230 - 231 - 233 - 235 - 238 - 242 - 246 - 254 - 255 - 257 - 258 - 259 - 262 - 266 - 267 - 268 - 270 - 274 - 276 - 277 - 280 - 281 - 283 - 284 - 288 - 289 - 290 - 292 - 294 - 295 - 297 - 299 - 300 - 301 - 302 - 305 - 306 - 309 - 311 - 312 - 316 - 318 - 322 - 323 - 324 - 325 - 327 - 328 - 329 - 331 - 333 - 337 - 338 - 343 - 344 - 347 - 349 - 354 - 355 - 356 - 360 - 362 - 363 - 364 - 366 - 370 - 372 - 373 - 374 - 375 - 377 - 379 - 382 - 384 - 385 - 388 - 389 - 390 - 392 - 393 - 397 - 400 - 402 - 404 - 405 - 406 - 409 - 411 - 413 - 416 - 418 - 419 - 420 - 421 - 424 - 426 - 427 - 428 - 429 - 430 - 432 - 434 - 435 - 438 - 440 - 441 - 442 - 450 - 454 - 456 - 460 - 463 - 464 - 469 - 470 - 472 - 474 - 476 - 477 - 480 - 481 - 485 - 488 - 490 - 492 - 494 - 495 - 496,14114152.7,0.0,65497,70266,75.68,Cost: 65497 & Capacity: 70266
0 - 4 - 9 - 10 - 13 - 16 - 17 - 20 - 21 - 36 - 37 - 38 - 42 - 44 - 45 - 50 - 51 - 53 - 54 - 56 - 60 - 61 - 62 - 63 - 64 - 65 - 67 - 68 - 69 - 71 - 72 - 75 - 78 - 80 - 84 - 86 - 87 - 90 - 91 - 94 - 95 - 96 - 97 - 98 - 99 - 100 - 103 - 105 - 107 - 108 - 109 - 110 - 111 - 114 - 115 - 116 - 118 - 123 - 124 - 125 - 128 - 131 - 132 - 135 - 137 - 142 - 144 - 145 - 146 - 147 - 148 - 151 - 152 - 154 - 155 - 158 - 159 - 160 - 163 - 164 - 166 - 167 - 174 - 175 - 178 - 179 - 180 - 181 - 184 - 185 - 187 - 188 - 189 - 190 - 192 - 193 - 195 - 203 - 204 - 210 - 211 - 212 - 214 - 216 - 217 - 218 - 221 - 225 - 228 - 229 - 230 - 231 - 233 - 235 - 238 - 239 - 242 - 246 - 254 - 255 - 257 - 259 - 262 - 266 - 267 - 268 - 270 - 276 - 277 - 280 - 281 - 283 - 284 - 288 - 289 - 290 - 292 - 294 - 295 - 297 - 299 - 300 - 301 - 302 - 305 - 306 - 309 - 311 - 312 - 316 - 322 - 323 - 324 - 325 - 327 - 328 - 329 - 331 - 333 - 337 - 338 - 343 - 344 - 347 - 349 - 354 - 355 - 356 - 360 - 362 - 363 - 364 - 366 - 369 - 370 - 372 - 373 - 374 - 375 - 377 - 379 - 382 - 384 - 385 - 388 - 389 - 390 - 392 - 393 - 397 - 400 - 402 - 404 - 405 - 406 - 409 - 411 - 413 - 416 - 418 - 419 - 420 - 421 - 424 - 426 - 427 - 428 - 429 - 430 - 432 - 434 - 435 - 438 - 440 - 441 - 442 - 450 - 454 - 456 - 460 - 463 - 464 - 469 - 470 - 472 - 474 - 476 - 477 - 480 - 481 - 485 - 488 - 490 - 492 - 494 - 495 - 496,14132482.5,0.0,65506,71256,76.29,Cost: 65506 & Capacity: 71256
0 - 4 - 9 - 13 - 16 - 17 - 20 - 21 - 36 - 37 - 38 - 42 - 44 - 45 - 50 - 51 - 53 - 54 - 56 - 60 - 61 - 62 - 63 - 64 - 65 - 67 - 68 - 69 - 71 - 72 - 75 - 78 - 80 - 84 - 86 - 87 - 90 - 91 - 94 - 95 - 96 - 97 - 98 - 99 - 100 - 103 - 105 - 107 - 108 - 109 - 110 - 111 - 114 - 115 - 116 - 118 - 123 - 124 - 125 - 128 - 131 - 132 - 135 - 137 - 142 - 144 - 145 - 146 - 147 - 148 - 150 - 151 - 152 - 154 - 155 - 158 - 159 - 160 - 163 - 164 - 166 - 167 - 174 - 175 - 178 - 179 - 180 - 181 - 184 - 185 - 187 - 188 - 189 - 190 - 192 - 193 - 195 - 203 - 204 - 210 - 211 - 212 - 214 - 216 - 217 - 218 - 221 - 225 - 228 - 229 - 230 - 231 - 233 - 235 - 238 - 242 - 246 - 254 - 255 - 257 - 259 - 262 - 266 - 267 - 268 - 270 - 274 - 276 - 277 - 280 - 281 - 283 - 284 - 288 - 289 - 290 - 292 - 294 - 295 - 297 - 299 - 300 - 301 - 302 - 305 - 306 - 309 - 311 - 312 - 316 - 322 - 323 - 324 - 325 - 327 - 328 - 329 - 331 - 333 - 337 - 338 - 343 - 344 - 347 - 349 - 354 - 355 - 356 - 360 - 362 - 363 - 364 - 366 - 369 - 370 - 372 - 373 - 374 - 375 - 377 - 379 - 382 - 384 - 385 - 388 - 389 - 390 - 392 - 393 - 397 - 400 - 402 - 404 - 405 - 406 - 409 - 411 - 413 - 416 - 418 - 419 - 420 - 421 - 424 - 426 - 427 - 428 - 429 - 430 - 432 - 434 - 435 - 438 - 440 - 441 - 442 - 450 - 454 - 456 - 460 - 463 - 464 - 469 - 470 - 472 - 474 - 476 - 477 - 480 - 481 - 485 - 488 - 490 - 492 - 494 - 495 - 496,14137027.9,0.0,65488,71287,78.34,Cost: 65488 & Capacity: 71287
0 - 4 - 9 - 10 - 13 - 16 - 17 - 20 - 21 - 36 - 37 - 38 - 42 - 44 - 45 - 50 - 51 - 53 - 54 - 56 - 60 - 61 - 62 - 63 - 64 - 65 - 67 - 68 - 69 - 71 - 72 - 75 - 78 - 80 - 84 - 86 - 87 - 90 - 91 - 94 - 95 - 96 - 97 - 98 - 99 - 100 - 103 - 105 - 107 - 108 - 109 - 110 - 111 - 114 - 115 - 116 - 118 - 123 - 124 - 125 - 128 - 131 - 132 - 135 - 137 - 142 - 144 - 145 - 146 - 147 - 148 - 151 - 152 - 154 - 155 - 158 - 159 - 160 - 163 - 164 - 166 - 167 - 174 - 175 - 178 - 179 - 180 - 181 - 184 - 185 - 187 - 188 - 189 - 190 - 192 - 193 - 195 - 203 - 204 - 210 - 211 - 212 - 214 - 216 - 217 - 218 - 221 - 225 - 228 - 229 - 230 - 231 - 233 - 235 - 238 - 239 - 242 - 246 - 254 - 255 - 257 - 259 - 262 - 266 - 267 - 268 - 270 - 276 - 277 - 280 - 281 - 283 - 284 - 288 - 289 - 290 - 292 - 294 - 295 - 297 - 299 - 300 - 301 - 302 - 305 - 306 - 309 - 311 - 312 - 316 - 322 - 323 - 324 - 325 - 327 - 328 - 329 - 331 - 333 - 337 - 338 - 343 - 344 - 347 - 349 - 354 - 355 - 356 - 360 - 362 - 363 - 364 - 366 - 369 - 370 - 372 - 373 - 374 - 375 - 377 - 379 - 382 - 384 - 385 - 388 - 389 - 390 - 392 - 393 - 397 - 400 - 402 - 404 - 405 - 406 - 409 - 411 - 413 - 416 - 418 - 419 - 420 - 421 - 424 - 426 - 427 - 428 - 429 - 430 - 432 - 434 - 435 - 438 - 440 - 441 - 442 - 450 - 454 - 456 - 460 - 463 - 464 - 469 - 470 - 472 - 474 - 476 - 477 - 480 - 481 - 485 - 488 - 490 - 492 - 494 - 495 - 496,14132482.5,0.0,65506,71256,78.39,Cost: 65506 & Capacity: 71256
0 - 4 - 9 - 10 - 13 - 16 - 17 - 20 - 21 - 36 - 37 - 38 - 42 - 44 - 45 - 50 - 51 - 53 - 54 - 56 - 60 - 61 - 62 - 63 - 64 - 65 - 67 - 68 - 69 - 71 - 72 - 75 - 78 - 80 - 84 - 86 - 87 - 90 - 91 - 94 - 95 - 96 - 97 - 98 - 99 - 100 - 103 - 105 - 107 - 108 - 109 - 110 - 111 - 114 - 115 - 116 - 118 - 123 - 124 - 125 - 128 - 131 - 132 - 135 - 137 - 142 - 144 - 145 - 146 - 147 - 148 - 151 - 152 - 154 - 155 - 158 - 159 - 160 - 163 - 164 - 166 - 167 - 174 - 175 - 178 - 179 - 180 - 181 - 184 - 185 - 187 - 188 - 189 - 190 - 192 - 193 - 195 - 203 - 204 - 210 - 211 - 212 - 214 - 216 - 217 - 218 - 221 - 225 - 228 - 229 - 230 - 231 - 233 - 235 - 238 - 239 - 242 - 246 - 254 - 255 - 257 - 259 - 262 - 266 - 267 - 268 - 270 - 276 - 277 - 280 - 281 - 283 - 284 - 288 - 289 - 290 - 292 - 294 - 295 - 297 - 299 - 300 - 301 - 302 - 305 - 306 - 309 - 311 - 312 - 316 - 322 - 323 - 324 - 325 - 327 - 328 - 329 - 331 - 333 - 337 - 338 - 343 - 344 - 347 - 349 - 354 - 355 - 356 - 360 - 362 - 363 - 364 - 366 - 369 - 370 - 372 - 373 - 374 - 375 - 377 - 379 - 382 - 384 - 385 - 388 - 389 - 390 - 392 - 393 - 397 - 400 - 402 - 404 - 405 - 406 - 409 - 411 - 413 - 416 - 418 - 419 - 420 - 421 - 424 - 426 - 427 - 428 - 429 - 430 - 432 - 434 - 435 - 438 - 440 - 441 - 442 - 450 - 454 - 456 - 460 - 463 - 464 - 469 - 470 - 472 - 474 - 476 - 477 - 480 - 481 - 485 - 488 - 490 - 492 - 494 - 495 - 496,14132482.5,0.0,65506,71256,78.92,Cost: 65506 & Capacity: 71256
0 - 4 - 9 - 10 - 13 - 16 - 17 - 20 - 21 - 36 - 37 - 38 - 42 - 44 - 45 - 50 - 51 - 53 - 54 - 56 - 60 - 61 - 62 - 63 - 64 - 65 - 67 - 68 - 69 - 71 - 72 - 75 - 78 - 80 - 84 - 86 - 87 - 90 - 91 - 94 - 95 - 96 - 97 - 98 - 99 - 100 - 103 - 105 - 107 - 108 - 109 - 110 - 111 - 114 - 115 - 116 - 118 - 123 - 124 - 125 - 128 - 131 - 132 - 135 - 137 - 142 - 144 - 145 - 146 - 147 - 148 - 151 - 152 - 154 - 155 - 158 - 159 - 160 - 163 - 164 - 166 - 167 - 174 - 175 - 178 - 179 - 180 - 181 - 184 - 185 - 187 - 188 - 189 - 190 - 192 - 193 - 195 - 203 - 204 - 210 - 211 - 212 - 214 - 216 - 217 - 218 - 221 - 225 - 228 - 229 - 230 - 231 - 233 - 235 - 238 - 239 - 242 - 246 - 254 - 255 - 257 - 259 - 262 - 266 - 267 - 268 - 270 - 276 - 277 - 280 - 281 - 283 - 284 - 288 - 289 - 290 - 292 - 294 - 295 - 297 - 299 - 300 - 301 - 302 - 305 - 306 - 309 - 311 - 312 - 316 - 322 - 323 - 324 - 325 - 327 - 328 - 329 - 331 - 333 - 337 - 338 - 343 - 344 - 347 - 349 - 354 - 355 - 356 - 360 - 362 - 363 - 364 - 366 - 369 - 370 - 372 - 373 - 374 - 375 - 377 - 379 - 382 - 384 - 385 - 388 - 389 - 390 - 392 - 393 - 397 - 400 - 402 - 404 - 405 - 406 - 409 - 411 - 413 - 416 - 418 - 419 - 420 - 421 - 424 - 426 - 427 - 428 - 429 - 430 - 432 - 434 - 435 - 438 - 440 - 441 - 442 - 450 - 454 - 456 - 460 - 463 - 464 - 469 - 470 - 472 - 474 - 476 - 477 - 480 - 481 - 485 - 488 - 490 - 492 - 494 - 495 - 496,14132482.5,0.0,65506,71256,79.33,Cost: 65506 & Capacity: 71256
0 - 4 - 9 - 10 - 13 - 16 - 17 - 20 - 21 - 36 - 37 - 38 - 42 - 44 - 45 - 50 - 51 - 53 - 54 - 56 - 60 - 61 - 62 - 63 - 64 - 65 - 67 - 68 - 69 - 71 - 72 - 75 - 78 - 80 - 84 - 86 - 87 - 90 - 91 - 94 - 95 - 96 - 97 - 98 - 99 - 100 - 103 - 105 - 107 - 108 - 109 - 110 - 111 - 114 - 115 - 116 - 118 - 123 - 124 - 125 - 128 - 131 - 132 - 135 - 137 - 142 - 144 - 145 - 146 - 147 - 148 - 151 - 152 - 154 - 155 - 158 - 159 - 160 - 163 - 164 - 166 - 167 - 174 - 175 - 178 - 179 - 180 - 181 - 184 - 185 - 187 - 188 - 189 - 190 - 192 - 193 - 195 - 203 - 204 - 210 - 211 - 212 - 214 - 216 - 217 - 218 - 221 - 225 - 228 - 229 - 230 - 231 - 233 - 235 - 238 - 239 - 242 - 246 - 254 - 255 - 257 - 259 - 262 - 266 - 267 - 268 - 270 - 276 - 277 - 280 - 281 - 283 - 284 - 288 - 289 - 290 - 292 - 294 - 295 - 297 - 299 - 300 - 301 - 302 - 305 - 306 - 309 - 311 - 312 - 316 - 322 - 323 - 324 - 325 - 327 - 328 - 329 - 331 - 333 - 337 - 338 - 343 - 344 - 347 - 349 - 354 - 355 - 356 - 360 - 362 - 363 - 364 - 366 - 369 - 370 - 372 - 373 - 374 - 375 - 377 - 379 - 382 - 384 - 385 - 388 - 389 - 390 - 392 - 393 - 397 - 400 - 402 - 404 - 405 - 406 - 409 - 411 - 413 - 416 - 418 - 419 - 420 - 421 - 424 - 426 - 427 - 428 - 429 - 430 - 432 - 434 - 435 - 438 - 440 - 441 - 442 - 450 - 454 - 456 - 460 - 463 - 464 - 469 - 470 - 472 - 474 - 476 - 477 - 480 - 481 - 485 - 488 - 490 - 492 - 494 - 495 - 496,14132482.5,0.0,65506,71256,79.77,Cost: 65506 & Capacity: 71256
0 - 4 - 9 - 13 - 16 - 17 - 20 - 21 - 36 - 37 - 38 - 42 - 44 - 45 - 50 - 51 - 53 - 54 - 56 - 60 - 61 - 62 - 63 - 64 - 65 - 67 - 68 - 69 - 71 - 72 - 75 - 78 - 80 - 84 - 86 - 87 - 90 - 91 - 94 - 95 - 96 - 97 - 98 - 99 - 100 - 103 - 105 - 107 - 108 - 109 - 110 - 111 - 114 - 115 - 116 - 118 - 123 - 124 - 125 - 128 - 131 - 132 - 135 - 137 - 142 - 144 - 145 - 146 - 147 - 148 - 150 - 151 - 152 - 154 - 155 - 158 - 159 - 160 - 163 - 164 - 166 - 167 - 174 - 175 - 178 - 179 - 180 - 181 - 184 - 185 - 187 - 188 - 189 - 190 - 192 - 193 - 195 - 203 - 204 - 210 - 211 - 212 - 214 - 216 - 217 - 218 - 221 - 225 - 228 - 229 - 230 - 231 - 233 - 235 - 238 - 239 - 242 - 246 - 254 - 255 - 257 - 259 - 262 - 266 - 267 - 268 - 270 - 274 - 276 - 277 - 280 - 281 - 283 - 284 - 288 - 289 - 290 - 292 - 294 - 295 - 297 - 299 - 300 - 301 - 302 - 305 - 306 - 309 - 311 - 312 - 316 - 322 - 323 - 324 - 325 - 327 - 328 - 329 - 331 - 333 - 337 - 338 - 343 - 344 - 347 - 349 - 354 - 355 - 356 - 360 - 362 - 363 - 364 - 366 - 369 - 370 - 372 - 373 - 374 - 375 - 377 - 379 - 382 - 384 - 385 - 388 - 389 - 390 - 392 - 393 - 397 - 400 - 402 - 404 - 405 - 406 - 409 - 411 - 413 - 416 - 418 - 419 - 420 - 424 - 426 - 427 - 428 - 429 - 430 - 432 - 434 - 435 - 438 - 440 - 441 - 442 - 450 - 454 - 456 - 460 - 463 - 464 - 469 - 470 - 472 - 474 - 476 - 477 - 480 - 481 - 485 - 488 - 490 - 492 - 494 - 495 - 496,14140514.3,0.0,65484,71289,79.81,Cost: 65484 & Capacity: 71289
0 - 11 - 12 - 13 - 16 - 25 - 29 - 36 - 44 - 45 - 50 - 53 - 54 - 58 - 60 - 61 - 62 - 64 - 68 - 69 - 72 - 75 - 81 - 86 - 87 - 94 - 99 - 100 - 103 - 107 - 110 - 111 - 118 - 120 - 128 - 132 - 134 - 136 - 137 - 144 - 145 - 146 - 147 - 150 - 157 - 158 - 159 - 160 - 163 - 164 - 166 - 171 - 175 - 176 - 179 - 181 - 184 - 185 - 187 - 189 - 192 - 194 - 195 - 204 - 207 - 210 - 211 - 212 - 217 - 218 - 221 - 230 - 235 - 246 - 247 - 254 - 257 - 260 - 262 - 266 - 267 - 277 - 283 - 284 - 287 - 288 - 289 - 290 - 292 - 294 - 298 - 300 - 302 - 304 - 306 - 307 - 309 - 312 - 315 - 316 - 322 - 323 - 324 - 328 - 330 - 333 - 336 - 337 - 338 - 340 - 341 - 342 - 343 - 344 - 347 - 354 - 355 - 364 - 366 - 370 - 372 - 374 - 375 - 382 - 383 - 387 - 388 - 390 - 392 - 393 - 395 - 397 - 404 - 406 - 410 - 411 - 416 - 419 - 420 - 422 - 427 - 428 - 429 - 430 - 432 - 434 - 435 - 436 - 437 - 438 - 441 - 446 - 450 - 454 - 459 - 468 - 470 - 472 - 474 - 476 - 477 - 478 - 479 - 480 - 485 - 488 - 489 - 492 - 494 - 496 - 499,7407621.2,9.1,65494,62261,80.81,Cost: 65494 & Capacity: 62261
