Nodes,MaxSum,MaxMin,Cost,Capacity,Time,Constraint values
1 - 6 - 9 - 12 - 21 - 23 - 24 - 25 - 26 - 27 - 28 - 29 - 30 - 34 - 36 - 38 - 39 - 41 - 42 - 44 - 48 - 49 - 50 - 51 - 54 - 58 - 65 - 68 - 70 - 73 - 74 - 76 - 77 - 81 - 85 - 86 - 87 - 88 - 94 - 96 - 102 - 103 - 111 - 112 - 113 - 114 - 116 - 121 - 123 - 126 - 129 - 133 - 136 - 137 - 139 - 146 - 149,219341.7,83.0,28093,24738,0.04,Cost: 28093 & Capacity: 24738
1 - 5 - 6 - 9 - 10 - 13 - 21 - 22 - 23 - 24 - 25 - 26 - 27 - 28 - 29 - 30 - 37 - 38 - 39 - 41 - 42 - 44 - 49 - 50 - 51 - 52 - 54 - 58 - 65 - 66 - 68 - 70 - 73 - 74 - 76 - 79 - 81 - 85 - 86 - 87 - 92 - 94 - 95 - 96 - 111 - 112 - 114 - 116 - 123 - 125 - 130 - 131 - 133 - 136 - 137 - 138 - 139 - 146 - 149,235645.2,80.3,27705,25128,0.32,Cost: 27705 & Capacity: 25128
3 - 5 - 6 - 7 - 9 - 12 - 13 - 19 - 21 - 22 - 23 - 25 - 32 - 36 - 39 - 42 - 43 - 44 - 50 - 53 - 58 - 60 - 63 - 68 - 71 - 74 - 76 - 81 - 85 - 86 - 88 - 96 - 105 - 106 - 109 - 111 - 112 - 114 - 116 - 119 - 129 - 133 - 136 - 139 - 145 - 146,145300.3,89.7,28687,23497,1.17,Cost: 28687 & Capacity: 23497
6 - 7 - 10 - 13 - 21 - 22 - 23 - 24 - 25 - 26 - 29 - 31 - 32 - 34 - 36 - 39 - 42 - 43 - 44 - 49 - 50 - 54 - 66 - 70 - 73 - 74 - 84 - 85 - 88 - 94 - 95 - 96 - 102 - 106 - 111 - 114 - 116 - 133 - 136 - 137 - 138 - 139 - 141 - 143 - 144 - 146,145908.4,89.1,28670,22860,1.26,Cost: 28670 & Capacity: 22860
1 - 2 - 3 - 4 - 5 - 7 - 9 - 12 - 13 - 14 - 16 - 18 - 21 - 23 - 24 - 25 - 26 - 27 - 28 - 29 - 30 - 31 - 35 - 36 - 37 - 39 - 41 - 42 - 43 - 44 - 45 - 48 - 49 - 50 - 54 - 55 - 56 - 57 - 58 - 59 - 60 - 61 - 63 - 65 - 66 - 70 - 71 - 72 - 73 - 74 - 76 - 79 - 81 - 83 - 86 - 87 - 92 - 93 - 94 - 95 - 96 - 98 - 99 - 101 - 107 - 111 - 112 - 113 - 114 - 116 - 123 - 125 - 127 - 129 - 130 - 135 - 139 - 142 - 144 - 145 - 146 - 149,431209.5,59.6,28719,28734,1.48,Cost: 28719 & Capacity: 28734
5 - 6 - 7 - 10 - 13 - 20 - 21 - 22 - 23 - 26 - 29 - 31 - 32 - 34 - 36 - 41 - 42 - 43 - 44 - 51 - 53 - 68 - 71 - 74 - 76 - 81 - 84 - 85 - 88 - 95 - 96 - 106 - 109 - 111 - 112 - 114 - 116 - 124 - 133 - 136 - 139 - 145 - 146,129217.1,92.1,28146,23151,1.84,Cost: 28146 & Capacity: 23151
3 - 5 - 6 - 7 - 10 - 13 - 19 - 21 - 22 - 23 - 25 - 26 - 31 - 32 - 34 - 36 - 39 - 41 - 42 - 43 - 44 - 49 - 50 - 54 - 70 - 77 - 79 - 81 - 83 - 85 - 88 - 93 - 94 - 95 - 96 - 108 - 111 - 112 - 114 - 116 - 119 - 126 - 129 - 133 - 136 - 139 - 143 - 144 - 145 - 146,172006.4,89.0,28579,22976,1.99,Cost: 28579 & Capacity: 22976
3 - 5 - 6 - 7 - 10 - 13 - 19 - 21 - 22 - 23 - 25 - 26 - 31 - 32 - 34 - 36 - 39 - 41 - 42 - 43 - 44 - 49 - 50 - 54 - 70 - 73 - 77 - 79 - 81 - 83 - 85 - 88 - 93 - 94 - 95 - 96 - 108 - 111 - 112 - 114 - 116 - 119 - 126 - 129 - 133 - 136 - 139 - 143 - 144 - 145 - 146,179133.2,88.7,28824,23441,1.99,Cost: 28824 & Capacity: 23441
1 - 4 - 5 - 7 - 9 - 10 - 13 - 14 - 16 - 18 - 21 - 23 - 24 - 25 - 26 - 27 - 28 - 29 - 30 - 31 - 32 - 34 - 36 - 37 - 41 - 42 - 44 - 49 - 50 - 51 - 56 - 57 - 58 - 59 - 61 - 65 - 66 - 71 - 73 - 74 - 76 - 79 - 81 - 82 - 86 - 87 - 91 - 92 - 96 - 98 - 110 - 111 - 112 - 113 - 114 - 116 - 125 - 127 - 129 - 130 - 133 - 137 - 139 - 142 - 145 - 146 - 149,295551.2,75.3,28847,25838,1.39,Cost: 28847 & Capacity: 25838
1 - 4 - 5 - 7 - 9 - 10 - 12 - 13 - 14 - 16 - 18 - 21 - 23 - 24 - 25 - 26 - 27 - 28 - 29 - 30 - 31 - 32 - 34 - 36 - 37 - 41 - 42 - 44 - 48 - 49 - 50 - 51 - 54 - 55 - 56 - 57 - 58 - 61 - 70 - 71 - 73 - 74 - 76 - 81 - 83 - 86 - 87 - 89 - 92 - 93 - 94 - 96 - 98 - 99 - 101 - 110 - 111 - 112 - 113 - 114 - 116 - 125 - 127 - 129 - 130 - 131 - 133 - 137 - 139 - 142 - 144 - 145 - 146 - 149,359488.6,69.1,28845,27133,2.22,Cost: 28845 & Capacity: 27133
1 - 3 - 5 - 7 - 10 - 13 - 18 - 19 - 21 - 23 - 25 - 26 - 28 - 29 - 31 - 33 - 34 - 36 - 38 - 39 - 42 - 43 - 50 - 51 - 53 - 54 - 65 - 66 - 70 - 72 - 74 - 76 - 81 - 84 - 85 - 95 - 96 - 109 - 114 - 116 - 131 - 133 - 139 - 140 - 145 - 146,144928.7,91.2,28695,23424,2.33,Cost: 28695 & Capacity: 23424
1 - 2 - 3 - 4 - 5 - 7 - 9 - 12 - 13 - 14 - 16 - 18 - 21 - 23 - 24 - 25 - 26 - 27 - 28 - 29 - 30 - 31 - 32 - 35 - 36 - 37 - 39 - 41 - 42 - 43 - 44 - 48 - 49 - 50 - 51 - 54 - 55 - 57 - 58 - 59 - 60 - 61 - 63 - 65 - 66 - 70 - 71 - 73 - 74 - 76 - 77 - 79 - 81 - 83 - 86 - 87 - 88 - 93 - 94 - 95 - 96 - 98 - 99 - 101 - 107 - 111 - 112 - 113 - 114 - 116 - 127 - 129 - 130 - 135 - 136 - 137 - 139 - 142 - 144 - 146 - 149,425073.9,62.4,28842,28535,2.8,Cost: 28842 & Capacity: 28535
0 - 1 - 3 - 4 - 5 - 6 - 7 - 9 - 12 - 13 - 14 - 16 - 17 - 18 - 21 - 23 - 24 - 25 - 26 - 27 - 28 - 29 - 30 - 31 - 35 - 36 - 37 - 39 - 41 - 42 - 44 - 45 - 46 - 48 - 49 - 50 - 52 - 54 - 55 - 56 - 57 - 58 - 59 - 60 - 61 - 63 - 65 - 66 - 70 - 71 - 73 - 76 - 77 - 79 - 81 - 83 - 86 - 87 - 89 - 92 - 93 - 94 - 95 - 96 - 97 - 98 - 99 - 101 - 107 - 111 - 112 - 113 - 114 - 116 - 123 - 127 - 129 - 130 - 134 - 135 - 137 - 139 - 142 - 144 - 146 - 149,472164.3,41.6,28871,28553,3.54,Cost: 28871 & Capacity: 28553
1 - 3 - 4 - 5 - 7 - 9 - 10 - 12 - 13 - 14 - 16 - 18 - 21 - 23 - 24 - 25 - 26 - 27 - 28 - 29 - 30 - 31 - 32 - 34 - 35 - 36 - 37 - 41 - 42 - 44 - 45 - 48 - 49 - 50 - 51 - 54 - 55 - 56 - 57 - 58 - 59 - 61 - 65 - 70 - 71 - 73 - 74 - 76 - 81 - 83 - 86 - 87 - 89 - 92 - 93 - 94 - 96 - 98 - 111 - 112 - 113 - 114 - 116 - 125 - 127 - 129 - 130 - 131 - 133 - 137 - 139 - 142 - 145 - 149,357029.6,69.6,28849,28052,3.57,Cost: 28849 & Capacity: 28052
0 - 1 - 3 - 4 - 5 - 6 - 7 - 9 - 12 - 13 - 14 - 16 - 17 - 18 - 21 - 23 - 24 - 25 - 26 - 27 - 28 - 29 - 30 - 31 - 35 - 36 - 37 - 39 - 41 - 42 - 44 - 45 - 46 - 48 - 49 - 50 - 52 - 54 - 55 - 56 - 57 - 58 - 59 - 60 - 61 - 63 - 65 - 66 - 70 - 71 - 73 - 76 - 77 - 79 - 81 - 83 - 86 - 87 - 89 - 92 - 93 - 94 - 95 - 96 - 97 - 98 - 99 - 101 - 107 - 111 - 112 - 113 - 114 - 116 - 123 - 127 - 129 - 130 - 134 - 135 - 137 - 139 - 142 - 144 - 146 - 149,472164.3,41.6,28871,28553,5.84,Cost: 28871 & Capacity: 28553
0 - 1 - 3 - 4 - 5 - 6 - 7 - 9 - 12 - 13 - 14 - 16 - 17 - 18 - 21 - 23 - 24 - 25 - 26 - 27 - 28 - 29 - 30 - 31 - 35 - 36 - 37 - 39 - 41 - 42 - 44 - 45 - 46 - 48 - 49 - 50 - 52 - 54 - 55 - 56 - 57 - 58 - 59 - 60 - 61 - 63 - 65 - 66 - 70 - 71 - 73 - 76 - 77 - 79 - 81 - 83 - 86 - 87 - 89 - 92 - 93 - 94 - 95 - 96 - 97 - 98 - 99 - 101 - 107 - 111 - 112 - 113 - 114 - 116 - 123 - 127 - 129 - 130 - 134 - 135 - 137 - 139 - 142 - 144 - 146 - 149,472164.3,41.6,28871,28553,5.84,Cost: 28871 & Capacity: 28553
1 - 5 - 6 - 7 - 9 - 10 - 15 - 16 - 21 - 23 - 24 - 26 - 27 - 28 - 29 - 30 - 32 - 34 - 37 - 39 - 41 - 42 - 44 - 48 - 50 - 51 - 53 - 54 - 58 - 61 - 65 - 70 - 73 - 74 - 76 - 79 - 81 - 85 - 86 - 87 - 92 - 95 - 103 - 111 - 112 - 116 - 123 - 126 - 127 - 129 - 130 - 133 - 136 - 139 - 143 - 145 - 146 - 149,226693.3,80.7,28757,24325,5.85,Cost: 28757 & Capacity: 24325
1 - 5 - 6 - 7 - 9 - 10 - 12 - 13 - 16 - 19 - 21 - 23 - 25 - 26 - 28 - 29 - 30 - 31 - 32 - 34 - 36 - 39 - 41 - 42 - 43 - 44 - 50 - 51 - 53 - 54 - 68 - 71 - 73 - 74 - 76 - 81 - 85 - 88 - 95 - 96 - 106 - 112 - 114 - 116 - 125 - 133 - 136 - 137 - 139 - 144 - 146 - 149,187424.9,85.8,28576,24960,6.53,Cost: 28576 & Capacity: 24960
0 - 1 - 2 - 3 - 4 - 5 - 7 - 9 - 12 - 13 - 14 - 16 - 17 - 18 - 21 - 23 - 24 - 25 - 26 - 27 - 28 - 29 - 30 - 31 - 35 - 36 - 37 - 39 - 41 - 42 - 44 - 45 - 48 - 49 - 50 - 51 - 52 - 54 - 55 - 56 - 57 - 58 - 61 - 63 - 65 - 66 - 70 - 71 - 73 - 76 - 77 - 79 - 81 - 83 - 86 - 87 - 89 - 92 - 93 - 94 - 95 - 96 - 97 - 98 - 99 - 101 - 107 - 111 - 112 - 113 - 114 - 116 - 122 - 123 - 127 - 129 - 130 - 131 - 134 - 135 - 137 - 139 - 142 - 144 - 146 - 149,470838.8,58.6,28874,28745,7.48,Cost: 28874 & Capacity: 28745
0 - 1 - 2 - 3 - 4 - 5 - 6 - 7 - 9 - 12 - 13 - 14 - 16 - 18 - 21 - 23 - 24 - 25 - 26 - 27 - 28 - 29 - 30 - 31 - 35 - 36 - 37 - 39 - 41 - 42 - 44 - 45 - 46 - 48 - 49 - 50 - 52 - 54 - 55 - 56 - 57 - 58 - 61 - 63 - 65 - 66 - 70 - 71 - 73 - 74 - 76 - 77 - 79 - 81 - 83 - 86 - 87 - 88 - 89 - 92 - 93 - 94 - 95 - 96 - 97 - 98 - 99 - 101 - 107 - 111 - 112 - 113 - 114 - 116 - 123 - 127 - 129 - 130 - 134 - 135 - 137 - 139 - 142 - 144 - 146 - 149,474653.7,41.6,28830,29033,8.14,Cost: 28830 & Capacity: 29033
0 - 1 - 2 - 3 - 4 - 5 - 6 - 7 - 9 - 12 - 13 - 14 - 16 - 18 - 21 - 23 - 24 - 25 - 26 - 27 - 28 - 29 - 30 - 31 - 35 - 36 - 37 - 39 - 41 - 42 - 44 - 45 - 46 - 48 - 49 - 50 - 52 - 54 - 55 - 56 - 57 - 58 - 61 - 63 - 65 - 66 - 70 - 71 - 73 - 74 - 76 - 77 - 79 - 81 - 83 - 86 - 87 - 88 - 89 - 92 - 93 - 94 - 95 - 96 - 97 - 98 - 99 - 101 - 107 - 111 - 112 - 113 - 114 - 116 - 123 - 127 - 129 - 130 - 134 - 135 - 137 - 139 - 142 - 144 - 146 - 149,474653.7,41.6,28830,29033,9.43,Cost: 28830 & Capacity: 29033
0 - 1 - 2 - 3 - 4 - 5 - 6 - 7 - 9 - 12 - 13 - 14 - 16 - 17 - 18 - 21 - 23 - 24 - 25 - 26 - 27 - 28 - 29 - 30 - 31 - 35 - 37 - 39 - 41 - 42 - 44 - 45 - 46 - 48 - 49 - 50 - 52 - 54 - 55 - 56 - 57 - 58 - 61 - 63 - 65 - 66 - 70 - 71 - 73 - 74 - 76 - 77 - 79 - 81 - 83 - 86 - 87 - 88 - 89 - 92 - 93 - 94 - 95 - 96 - 98 - 99 - 101 - 107 - 111 - 112 - 113 - 114 - 116 - 123 - 127 - 129 - 130 - 131 - 134 - 135 - 137 - 139 - 142 - 144 - 146 - 149,474634.3,41.6,28877,29246,9.79,Cost: 28877 & Capacity: 29246
6 - 7 - 9 - 10 - 21 - 22 - 23 - 24 - 26 - 29 - 30 - 31 - 32 - 34 - 37 - 41 - 42 - 43 - 44 - 49 - 50 - 54 - 57 - 60 - 70 - 74 - 76 - 79 - 81 - 85 - 88 - 91 - 94 - 95 - 96 - 102 - 106 - 109 - 111 - 116 - 125 - 133 - 136 - 139 - 143 - 146,144956.2,90.4,28474,23839,10.02,Cost: 28474 & Capacity: 23839
5 - 6 - 7 - 10 - 13 - 21 - 22 - 23 - 26 - 29 - 31 - 32 - 34 - 36 - 39 - 41 - 42 - 43 - 44 - 50 - 51 - 53 - 54 - 68 - 70 - 74 - 76 - 85 - 88 - 91 - 94 - 95 - 96 - 106 - 111 - 114 - 116 - 125 - 133 - 136 - 139 - 141 - 144 - 145 - 146,140483.0,91.4,28104,23675,10.36,Cost: 28104 & Capacity: 23675
0 - 1 - 2 - 3 - 4 - 5 - 7 - 9 - 12 - 13 - 14 - 16 - 17 - 18 - 21 - 23 - 24 - 25 - 26 - 27 - 28 - 29 - 30 - 31 - 35 - 36 - 37 - 39 - 41 - 42 - 44 - 45 - 46 - 48 - 49 - 50 - 51 - 52 - 54 - 55 - 56 - 57 - 58 - 61 - 63 - 65 - 66 - 70 - 71 - 73 - 74 - 76 - 77 - 79 - 81 - 83 - 86 - 87 - 88 - 89 - 92 - 93 - 94 - 95 - 96 - 98 - 99 - 101 - 107 - 111 - 112 - 113 - 114 - 116 - 123 - 127 - 129 - 130 - 134 - 135 - 137 - 139 - 142 - 144 - 146 - 149,473227.2,41.6,28859,29175,10.75,Cost: 28859 & Capacity: 29175
0 - 1 - 2 - 3 - 4 - 5 - 7 - 9 - 12 - 13 - 14 - 16 - 18 - 21 - 23 - 24 - 25 - 26 - 27 - 28 - 29 - 30 - 31 - 35 - 36 - 37 - 39 - 41 - 42 - 44 - 45 - 48 - 49 - 50 - 52 - 54 - 55 - 56 - 57 - 58 - 61 - 63 - 65 - 66 - 70 - 71 - 73 - 74 - 76 - 77 - 79 - 81 - 83 - 86 - 87 - 89 - 92 - 93 - 94 - 95 - 96 - 98 - 99 - 101 - 107 - 111 - 112 - 113 - 114 - 116 - 123 - 125 - 127 - 129 - 130 - 133 - 135 - 137 - 139 - 142 - 144 - 146 - 149,442494.8,58.6,28836,28506,11.19,Cost: 28836 & Capacity: 28506
5 - 6 - 9 - 10 - 13 - 21 - 23 - 25 - 26 - 27 - 29 - 30 - 31 - 32 - 34 - 36 - 38 - 39 - 41 - 42 - 43 - 44 - 50 - 51 - 53 - 54 - 66 - 70 - 73 - 74 - 76 - 79 - 81 - 85 - 94 - 95 - 106 - 107 - 111 - 112 - 114 - 116 - 120 - 125 - 130 - 131 - 133 - 137 - 139 - 143 - 144 - 146 - 149,193347.0,85.3,28805,24469,11.19,Cost: 28805 & Capacity: 24469
1 - 3 - 4 - 5 - 7 - 9 - 10 - 13 - 14 - 16 - 18 - 21 - 23 - 24 - 25 - 26 - 27 - 28 - 29 - 31 - 32 - 34 - 36 - 37 - 41 - 42 - 43 - 44 - 45 - 49 - 50 - 51 - 54 - 55 - 56 - 57 - 58 - 61 - 66 - 71 - 73 - 74 - 79 - 81 - 83 - 85 - 86 - 87 - 89 - 91 - 92 - 94 - 96 - 98 - 111 - 112 - 113 - 114 - 116 - 127 - 129 - 130 - 131 - 133 - 139 - 142 - 144 - 145 - 146,313636.4,73.2,28831,26440,11.53,Cost: 28831 & Capacity: 26440
1 - 3 - 4 - 5 - 6 - 7 - 9 - 10 - 16 - 18 - 21 - 23 - 24 - 25 - 26 - 27 - 28 - 29 - 31 - 32 - 34 - 35 - 36 - 37 - 39 - 41 - 42 - 44 - 45 - 48 - 49 - 50 - 56 - 58 - 61 - 66 - 71 - 73 - 74 - 79 - 80 - 81 - 83 - 86 - 87 - 89 - 91 - 92 - 96 - 97 - 98 - 105 - 110 - 111 - 112 - 113 - 114 - 116 - 127 - 129 - 130 - 133 - 139 - 142 - 144 - 145,284534.4,75.8,28694,26538,11.53,Cost: 28694 & Capacity: 26538
0 - 1 - 5 - 6 - 7 - 13 - 19 - 21 - 23 - 25 - 28 - 29 - 30 - 31 - 34 - 36 - 38 - 39 - 41 - 42 - 43 - 44 - 49 - 50 - 54 - 58 - 66 - 73 - 76 - 77 - 79 - 80 - 81 - 85 - 88 - 93 - 94 - 95 - 96 - 98 - 105 - 108 - 109 - 111 - 112 - 114 - 116 - 121 - 129 - 133 - 136 - 137 - 139 - 146 - 149,207725.8,84.8,28772,23915,11.81,Cost: 28772 & Capacity: 23915
1 - 3 - 4 - 5 - 7 - 9 - 12 - 13 - 14 - 16 - 18 - 21 - 23 - 24 - 25 - 26 - 27 - 28 - 29 - 30 - 31 - 32 - 35 - 36 - 37 - 41 - 42 - 43 - 44 - 45 - 48 - 49 - 50 - 51 - 52 - 54 - 55 - 56 - 57 - 58 - 59 - 60 - 61 - 63 - 70 - 71 - 73 - 74 - 76 - 78 - 79 - 81 - 83 - 86 - 87 - 88 - 92 - 93 - 94 - 95 - 96 - 99 - 101 - 107 - 111 - 112 - 114 - 116 - 127 - 129 - 130 - 131 - 136 - 137 - 139 - 142 - 144 - 146 - 149,405856.0,66.5,28854,29437,12.03,Cost: 28854 & Capacity: 29437
0 - 1 - 2 - 3 - 4 - 5 - 7 - 9 - 12 - 13 - 14 - 16 - 17 - 18 - 21 - 23 - 24 - 25 - 26 - 27 - 28 - 29 - 30 - 31 - 35 - 36 - 37 - 39 - 41 - 42 - 44 - 45 - 48 - 49 - 50 - 52 - 54 - 55 - 56 - 57 - 58 - 59 - 61 - 63 - 65 - 66 - 70 - 71 - 73 - 74 - 76 - 77 - 79 - 81 - 83 - 86 - 87 - 89 - 92 - 93 - 94 - 95 - 96 - 97 - 98 - 99 - 101 - 107 - 111 - 112 - 113 - 114 - 116 - 123 - 127 - 129 - 130 - 131 - 134 - 135 - 137 - 139 - 142 - 144 - 146 - 149,470784.8,58.6,28887,29137,12.63,Cost: 28887 & Capacity: 29137
0 - 1 - 2 - 3 - 4 - 5 - 6 - 7 - 9 - 12 - 13 - 14 - 16 - 17 - 18 - 21 - 23 - 25 - 26 - 27 - 28 - 29 - 30 - 31 - 35 - 37 - 39 - 41 - 42 - 43 - 44 - 45 - 46 - 48 - 49 - 50 - 51 - 52 - 54 - 55 - 56 - 57 - 58 - 61 - 63 - 65 - 66 - 70 - 71 - 73 - 74 - 76 - 77 - 79 - 81 - 83 - 86 - 87 - 89 - 92 - 93 - 94 - 95 - 96 - 97 - 98 - 99 - 101 - 107 - 111 - 112 - 113 - 114 - 116 - 123 - 127 - 129 - 130 - 134 - 135 - 137 - 139 - 142 - 144 - 146 - 149,475481.7,41.6,28874,28908,12.71,Cost: 28874 & Capacity: 28908
5 - 7 - 9 - 10 - 13 - 14 - 16 - 18 - 21 - 23 - 24 - 25 - 26 - 27 - 28 - 29 - 30 - 31 - 32 - 34 - 37 - 41 - 42 - 44 - 49 - 50 - 54 - 56 - 57 - 58 - 59 - 61 - 65 - 66 - 71 - 73 - 74 - 78 - 79 - 81 - 82 - 83 - 85 - 86 - 87 - 91 - 92 - 96 - 107 - 111 - 112 - 113 - 114 - 116 - 123 - 126 - 127 - 129 - 130 - 133 - 139 - 142 - 145 - 146 - 149,277608.3,76.6,28876,25399,12.73,Cost: 28876 & Capacity: 25399
0 - 1 - 3 - 4 - 5 - 6 - 7 - 9 - 12 - 13 - 14 - 16 - 17 - 18 - 21 - 23 - 24 - 25 - 26 - 27 - 28 - 29 - 30 - 31 - 35 - 36 - 37 - 39 - 41 - 42 - 44 - 45 - 46 - 48 - 49 - 50 - 52 - 54 - 55 - 56 - 57 - 58 - 59 - 60 - 61 - 63 - 65 - 66 - 70 - 71 - 73 - 76 - 77 - 79 - 81 - 83 - 86 - 87 - 89 - 92 - 93 - 94 - 95 - 96 - 97 - 98 - 99 - 101 - 107 - 111 - 112 - 113 - 114 - 116 - 123 - 127 - 129 - 130 - 134 - 135 - 137 - 139 - 142 - 144 - 146 - 149,472164.3,41.6,28871,28553,14.03,Cost: 28871 & Capacity: 28553
1 - 5 - 6 - 7 - 10 - 13 - 18 - 21 - 23 - 24 - 25 - 26 - 27 - 28 - 29 - 30 - 31 - 34 - 37 - 38 - 41 - 42 - 44 - 45 - 49 - 50 - 51 - 52 - 54 - 55 - 57 - 58 - 61 - 66 - 70 - 73 - 76 - 77 - 79 - 80 - 81 - 86 - 93 - 94 - 95 - 96 - 97 - 107 - 109 - 110 - 111 - 112 - 114 - 116 - 123 - 127 - 129 - 130 - 133 - 136 - 137 - 139 - 146 - 149,275688.4,77.0,28714,25232,14.2,Cost: 28714 & Capacity: 25232
5 - 7 - 9 - 10 - 13 - 14 - 21 - 22 - 23 - 25 - 26 - 29 - 30 - 34 - 36 - 38 - 39 - 41 - 42 - 43 - 44 - 50 - 51 - 53 - 54 - 65 - 66 - 71 - 72 - 73 - 74 - 76 - 77 - 79 - 81 - 85 - 86 - 88 - 95 - 96 - 109 - 111 - 112 - 114 - 116 - 129 - 133 - 136 - 139 - 143 - 145 - 146,186379.6,86.1,28774,24398,14.33,Cost: 28774 & Capacity: 24398
1 - 5 - 6 - 7 - 10 - 18 - 21 - 23 - 24 - 25 - 26 - 27 - 28 - 29 - 30 - 32 - 34 - 37 - 38 - 41 - 42 - 43 - 44 - 45 - 48 - 49 - 50 - 51 - 52 - 54 - 57 - 58 - 60 - 61 - 70 - 73 - 76 - 77 - 79 - 81 - 85 - 86 - 87 - 93 - 94 - 95 - 96 - 97 - 103 - 111 - 112 - 114 - 116 - 127 - 129 - 130 - 133 - 136 - 137 - 139 - 145 - 146 - 149,267579.0,79.3,28836,25110,14.45,Cost: 28836 & Capacity: 25110
0 - 1 - 3 - 4 - 5 - 6 - 7 - 9 - 12 - 13 - 14 - 16 - 17 - 18 - 21 - 23 - 24 - 25 - 26 - 27 - 28 - 29 - 30 - 31 - 35 - 36 - 37 - 39 - 41 - 42 - 44 - 45 - 46 - 48 - 49 - 50 - 52 - 54 - 55 - 56 - 57 - 58 - 59 - 60 - 61 - 63 - 65 - 66 - 70 - 71 - 73 - 76 - 77 - 79 - 81 - 83 - 86 - 87 - 89 - 92 - 93 - 94 - 95 - 96 - 97 - 98 - 99 - 101 - 107 - 111 - 112 - 113 - 114 - 116 - 123 - 127 - 129 - 130 - 134 - 135 - 137 - 139 - 142 - 144 - 146 - 149,472164.3,41.6,28871,28553,16.02,Cost: 28871 & Capacity: 28553
1 - 5 - 6 - 7 - 9 - 18 - 21 - 23 - 24 - 25 - 26 - 27 - 28 - 29 - 30 - 31 - 34 - 37 - 38 - 41 - 42 - 43 - 44 - 48 - 49 - 50 - 51 - 52 - 54 - 57 - 58 - 61 - 65 - 70 - 73 - 74 - 76 - 77 - 79 - 80 - 81 - 85 - 87 - 94 - 95 - 96 - 97 - 103 - 111 - 112 - 114 - 116 - 126 - 127 - 129 - 130 - 133 - 136 - 137 - 139 - 146 - 149,259553.1,79.5,28719,24862,16.03,Cost: 28719 & Capacity: 24862
1 - 3 - 4 - 5 - 7 - 9 - 10 - 12 - 13 - 14 - 16 - 18 - 21 - 23 - 24 - 25 - 26 - 27 - 28 - 29 - 30 - 31 - 32 - 34 - 37 - 39 - 41 - 42 - 43 - 44 - 45 - 48 - 49 - 50 - 51 - 54 - 56 - 58 - 61 - 65 - 71 - 73 - 74 - 76 - 81 - 82 - 83 - 85 - 86 - 87 - 92 - 93 - 94 - 96 - 98 - 111 - 112 - 113 - 114 - 116 - 125 - 127 - 129 - 130 - 131 - 133 - 139 - 142 - 145 - 146 - 149,332605.1,70.6,28856,27396,16.22,Cost: 28856 & Capacity: 27396
